# Created by Octave 3.2.4, Mon Jun 10 11:07:51 2013 ART <marganar@lab98>
# name: mutationComp
# type: cell
# rows: 2
# columns: 1
# name: <cell-element>
# type: struct
# length: 21
# name: h
# type: cell
# rows: 1
# columns: 1
# name: <cell-element>
# type: scalar
2

# name: n
# type: cell
# rows: 1
# columns: 1
# name: <cell-element>
# type: scalar
2

# name: m
# type: cell
# rows: 1
# columns: 1
# name: <cell-element>
# type: scalar
9

# name: size
# type: cell
# rows: 1
# columns: 1
# name: <cell-element>
# type: scalar
127

# name: weights
# type: cell
# rows: 1
# columns: 1
# name: <cell-element>
# type: cell
# rows: 3
# columns: 1
# name: <cell-element>
# type: matrix
# rows: 3
# columns: 9
 2.155881414476727 5.372909601345929 6.690090284618827 6.420443379202114 -6.355700539656932 9.887954918921476 -2.75324581614036 -2.00657636949328 -4.774803525400896
 -23.95300982393358 12.72111928399782 5.092958084747158 -7.135438968136421 -14.5108909353877 -10.58109224864475 12.66624123785686 0.8689602018984149 -0.1548315442360478
 22.69486646772179 0.4207852567964206 -3.323387327442056 4.565303446268246 11.98763311035025 7.510733677131159 7.446087190607944 7.693552022500758 -7.332116882530769
# name: <cell-element>
# type: matrix
# rows: 10
# columns: 9
 -2.76152631571518 -4.965103461007016 -0.1865123636217706 2.807077273671656 0.2178205799398136 -3.318691641567746 2.598790551512453 3.198296640151979 -5.565775024971155
 2.144701078025884 -0.6006429277724257 0.7094747770330901 -1.956754373855684 5.441393496303906 -0.3447479643946164 1.838660834991991 -5.263058253743684 3.419371361709541
 -1.20325624426285 -0.9538067645728614 -2.841554296284417 0.950427064565938 1.36287025606266 3.438951072140227 -2.887667798617568 1.23186476062263 -1.346862548298428
 -3.892254603661128 -1.982742841960975 2.593889611156917 -1.124698386972285 -2.102729796115589 1.056997369949468 -6.083475517343611 3.441964002432494 6.475420700334605
 -0.5109265324930989 0.762383591406449 -1.844290580227889 3.539940421375544 -8.841738158984391 4.212600376336178 0.7699995341555376 3.065875293875877 3.900796304600715
 -2.788172283596309 -2.990825237836344 1.051841798773036 1.163639862936087 -1.623177102530345 -0.1616076733774665 -3.635074696529939 1.469881551325073 -4.539364695467329
 6.218825523528599 1.36750819548691 -3.390416266711151 2.206970458670165 1.397944339076959 -2.46393986142119 -3.066028644541297 4.186134612670759 -5.404913735863548
 0.5957717078566063 -1.362926669493333 0.7978930329230054 -1.308925586935873 1.153852292908844 -4.366233712529429 -1.372625067052947 3.983794996663133 -0.3303302731165098
 -0.5928826356696637 1.776516347464339 -0.8011689020817749 2.099106700765594 -5.168620053439813 -0.4169227713436545 3.687901626371182 -5.484681514173067 0.9954120828885149
 1.915675716996714 -4.208501293290179 2.660164623386117 -0.7638622575662571 -0.4056616628570299 -2.78143208806764 -1.251835558969608 -2.077988578771201 -1.561835195020612
# name: <cell-element>
# type: matrix
# rows: 10
# columns: 1
 -2.849695703957434
 -0.7417695386647981
 -0.6868063438980994
 -0.4426438120667891
 1.099419136699073
 -0.1308737044467143
 -0.6349925108121072
 -1.025801019898056
 0.9827541688190572
 -1.821614098839836


# name: lastDWs
# type: cell
# rows: 1
# columns: 1
# name: <cell-element>
# type: cell
# rows: 3
# columns: 1
# name: <cell-element>
# type: matrix
# rows: 3
# columns: 9
 0 0 0 0 0 0 0 0 0
 0 0 0 0 0 0 0 0 0
 0 0 0 0 0 0 0 0 0
# name: <cell-element>
# type: matrix
# rows: 10
# columns: 9
 0 0 0 0 0 0 0 0 0
 0 0 0 0 0 0 0 0 0
 0 0 0 0 0 0 0 0 0
 0 0 0 0 0 0 0 0 0
 0 0 0 0 0 0 0 0 0
 0 0 0 0 0 0 0 0 0
 0 0 0 0 0 0 0 0 0
 0 0 0 0 0 0 0 0 0
 0 0 0 0 0 0 0 0 0
 0 0 0 0 0 0 0 0 0
# name: <cell-element>
# type: matrix
# rows: 10
# columns: 1
 0
 0
 0
 0
 0
 0
 0
 0
 0
 0


# name: out
# type: cell
# rows: 1
# columns: 1
# name: <cell-element>
# type: scalar
1

# name: neurons
# type: cell
# rows: 1
# columns: 1
# name: <cell-element>
# type: cell
# rows: 3
# columns: 1
# name: <cell-element>
# type: struct
# length: 2
# name: deltas
# type: cell
# rows: 1
# columns: 1
# name: <cell-element>
# type: matrix
# rows: 1
# columns: 9
 0 0 0 0 0 0 0 0 0

# name: values
# type: cell
# rows: 1
# columns: 1
# name: <cell-element>
# type: matrix
# rows: 1
# columns: 9
 0 0 0 0 0 0 0 0 0

# name: <cell-element>
# type: struct
# length: 2
# name: deltas
# type: cell
# rows: 1
# columns: 1
# name: <cell-element>
# type: matrix
# rows: 1
# columns: 9
 0 0 0 0 0 0 0 0 0

# name: values
# type: cell
# rows: 1
# columns: 1
# name: <cell-element>
# type: matrix
# rows: 1
# columns: 9
 0 0 0 0 0 0 0 0 0

# name: <cell-element>
# type: struct
# length: 2
# name: deltas
# type: cell
# rows: 1
# columns: 1
# name: <cell-element>
# type: scalar
0

# name: values
# type: cell
# rows: 1
# columns: 1
# name: <cell-element>
# type: scalar
0



# name: count
# type: cell
# rows: 1
# columns: 1
# name: <cell-element>
# type: scalar
0

# name: prevErr
# type: cell
# rows: 1
# columns: 1
# name: <cell-element>
# type: scalar
9999999999

# name: lrnRate
# type: cell
# rows: 1
# columns: 1
# name: <cell-element>
# type: scalar
0.8

# name: lrnStrategy
# type: cell
# rows: 1
# columns: 1
# name: <cell-element>
# type: scalar
3

# name: lrn_A
# type: cell
# rows: 1
# columns: 1
# name: <cell-element>
# type: scalar
0.01

# name: lrn_B
# type: cell
# rows: 1
# columns: 1
# name: <cell-element>
# type: scalar
0.7

# name: lrn_K
# type: cell
# rows: 1
# columns: 1
# name: <cell-element>
# type: scalar
4

# name: alpha
# type: cell
# rows: 1
# columns: 1
# name: <cell-element>
# type: scalar
0.5

# name: momentum
# type: cell
# rows: 1
# columns: 1
# name: <cell-element>
# type: scalar
0

# name: amp
# type: cell
# rows: 1
# columns: 1
# name: <cell-element>
# type: scalar
4

# name: min
# type: cell
# rows: 1
# columns: 1
# name: <cell-element>
# type: scalar
-3.799963607729421

# name: max
# type: cell
# rows: 1
# columns: 1
# name: <cell-element>
# type: scalar
3.79999261289041

# name: trainSet
# type: cell
# rows: 1
# columns: 1
# name: <cell-element>
# type: cell
# rows: 100
# columns: 2
# name: <cell-element>
# type: cell
# rows: 1
# columns: 2
# name: <cell-element>
# type: matrix
# rows: 1
# columns: 2
 0.005 0.003925

# name: <cell-element>
# type: scalar
0.8015971732674207

# name: <cell-element>
# type: cell
# rows: 1
# columns: 2
# name: <cell-element>
# type: matrix
# rows: 1
# columns: 2
 0.003925 0.8015971732674207

# name: <cell-element>
# type: scalar
-0.7732439413804819

# name: <cell-element>
# type: cell
# rows: 1
# columns: 2
# name: <cell-element>
# type: matrix
# rows: 1
# columns: 2
 0.8015971732674207 -0.7732439413804819

# name: <cell-element>
# type: scalar
0.8075969996109261

# name: <cell-element>
# type: cell
# rows: 1
# columns: 2
# name: <cell-element>
# type: matrix
# rows: 1
# columns: 2
 -0.7732439413804819 0.8075969996109261

# name: <cell-element>
# type: scalar
0.7781347463875804

# name: <cell-element>
# type: cell
# rows: 1
# columns: 2
# name: <cell-element>
# type: matrix
# rows: 1
# columns: 2
 0.8075969996109261 0.7781347463875804

# name: <cell-element>
# type: scalar
0.8542031526422144

# name: <cell-element>
# type: cell
# rows: 1
# columns: 2
# name: <cell-element>
# type: matrix
# rows: 1
# columns: 2
 0.7781347463875804 0.8542031526422144

# name: <cell-element>
# type: scalar
0.6088960072584573

# name: <cell-element>
# type: cell
# rows: 1
# columns: 2
# name: <cell-element>
# type: matrix
# rows: 1
# columns: 2
 0.8542031526422144 0.6088960072584573

# name: <cell-element>
# type: scalar
0.8711010145525971

# name: <cell-element>
# type: cell
# rows: 1
# columns: 2
# name: <cell-element>
# type: matrix
# rows: 1
# columns: 2
 0.6088960072584573 0.8711010145525971

# name: <cell-element>
# type: scalar
-0.04636060665405125

# name: <cell-element>
# type: cell
# rows: 1
# columns: 2
