# Created by Octave 3.2.4, Mon Jun 10 11:15:57 2013 ART <marganar@lab98>
# name: mutationComp
# type: cell
# rows: 2
# columns: 1
# name: <cell-element>
# type: struct
# length: 21
# name: h
# type: cell
# rows: 1
# columns: 1
# name: <cell-element>
# type: scalar
2

# name: n
# type: cell
# rows: 1
# columns: 1
# name: <cell-element>
# type: scalar
2

# name: m
# type: cell
# rows: 1
# columns: 1
# name: <cell-element>
# type: scalar
9

# name: size
# type: cell
# rows: 1
# columns: 1
# name: <cell-element>
# type: scalar
127

# name: weights
# type: cell
# rows: 1
# columns: 1
# name: <cell-element>
# type: cell
# rows: 3
# columns: 1
# name: <cell-element>
# type: matrix
# rows: 3
# columns: 9
 3.46493375929017 -5.116787008255223 -1.835818843536052 16.29007981860948 9.013702861193583 5.392941248260092 16.75113507346837 2.486482409052097 -2.734054689766883
 8.180286185640032 -10.28257876746884 1.209476103307543 -12.53560802553219 -9.649979451256241 3.510575598867324 11.31992120213343 3.06028076476004 11.06183103772477
 -1.318730482682236 8.50824355502429 2.489529046829153 5.755855681845865 5.778774320568796 15.5409128059112 -12.42929863680709 6.529538359570228 -10.70998561935908
# name: <cell-element>
# type: matrix
# rows: 10
# columns: 9
 -3.817446373107214 -0.284260177312981 7.016050762059369 -1.934130297260185 3.59124273152453 0.5414778569902911 -2.942334323893669 -2.275058197791641 -0.4376909395339805
 0.03697633243247748 -0.07140898906780954 -0.2144127066908952 -6.05788897967492 0.7790332424246533 1.530644044586751 5.391219463866372 3.176331572866956 -0.8114906022462088
 -0.7942887277630037 -0.9633632194229865 -1.200042848719339 -8.260044045032933 -2.501781756421916 2.694676857396376 3.644074871136793 -1.893378478383729 3.132633673440654
 -2.291242636723377 -6.169571072132082 2.927877151827269 2.343002676481435 3.327925628252753 2.015856147790954 -8.508656257372939 -2.600613391156224 1.874260229560731
 4.284472113526668 -2.876005103707506 -2.461349027637183 9.640674825699149 5.028003758933086 -6.11401229622087 -1.509281410659798 -3.28739471129636 1.945424780503427
 1.44312392605827 -2.336760105686055 -7.597695071544565 -1.737707735620666 -4.367769490594984 1.647887490373292 -0.923070569444187 -2.11375103706624 -2.40067851446024
 -2.866474049544909 -1.059725873740203 0.8602972547539784 -2.310195276239822 1.745125404119501 0.4248312117412601 0.3230967588250228 2.668053851048756 0.4964864134266178
 -2.815982066494493 -1.17455278837444 -0.6293545426669425 -4.853195936224802 -4.533515889504331 5.832168562686572 -0.784048773897506 1.412897034976934 4.327094193363173
 2.998851037900585 2.43096396507062 -2.326403391072142 2.671867098871004 -4.615922064504423 -4.958135442234605 -0.6283823851781802 -1.276298219050346 1.421345219078995
 0.6869016024451007 -3.030198916554433 -5.407311911893655 -3.949928470082528 -2.096788916385871 -0.505798362542165 1.461620812348057 -4.325299518290522 1.869802418935072
# name: <cell-element>
# type: matrix
# rows: 10
# columns: 1
 -0.09982157915139016
 -0.2745070205363808
 -0.5327119427352613
 -1.142820006744163
 -0.7454921778351837
 -0.5150596927886953
 0.6147021246948023
 0.2131509050080138
 -0.2433080355973899
 0.204762760328753


# name: lastDWs
# type: cell
# rows: 1
# columns: 1
# name: <cell-element>
# type: cell
# rows: 3
# columns: 1
# name: <cell-element>
# type: matrix
# rows: 3
# columns: 9
 0 0 0 0 0 0 0 0 0
 0 0 0 0 0 0 0 0 0
 0 0 0 0 0 0 0 0 0
# name: <cell-element>
# type: matrix
# rows: 10
# columns: 9
 0 0 0 0 0 0 0 0 0
 0 0 0 0 0 0 0 0 0
 0 0 0 0 0 0 0 0 0
 0 0 0 0 0 0 0 0 0
 0 0 0 0 0 0 0 0 0
 0 0 0 0 0 0 0 0 0
 0 0 0 0 0 0 0 0 0
 0 0 0 0 0 0 0 0 0
 0 0 0 0 0 0 0 0 0
 0 0 0 0 0 0 0 0 0
# name: <cell-element>
# type: matrix
# rows: 10
# columns: 1
 0
 0
 0
 0
 0
 0
 0
 0
 0
 0


# name: out
# type: cell
# rows: 1
# columns: 1
# name: <cell-element>
# type: scalar
1

# name: neurons
# type: cell
# rows: 1
# columns: 1
# name: <cell-element>
# type: cell
# rows: 3
# columns: 1
# name: <cell-element>
# type: struct
# length: 2
# name: deltas
# type: cell
# rows: 1
# columns: 1
# name: <cell-element>
# type: matrix
# rows: 1
# columns: 9
 0 0 0 0 0 0 0 0 0

# name: values
# type: cell
# rows: 1
# columns: 1
# name: <cell-element>
# type: matrix
# rows: 1
# columns: 9
 0 0 0 0 0 0 0 0 0

# name: <cell-element>
# type: struct
# length: 2
# name: deltas
# type: cell
# rows: 1
# columns: 1
# name: <cell-element>
# type: matrix
# rows: 1
# columns: 9
 0 0 0 0 0 0 0 0 0

# name: values
# type: cell
# rows: 1
# columns: 1
# name: <cell-element>
# type: matrix
# rows: 1
# columns: 9
 0 0 0 0 0 0 0 0 0

# name: <cell-element>
# type: struct
# length: 2
# name: deltas
# type: cell
# rows: 1
# columns: 1
# name: <cell-element>
# type: scalar
0

# name: values
# type: cell
# rows: 1
# columns: 1
# name: <cell-element>
# type: scalar
0



# name: count
# type: cell
# rows: 1
# columns: 1
# name: <cell-element>
# type: scalar
0

# name: prevErr
# type: cell
# rows: 1
# columns: 1
# name: <cell-element>
# type: scalar
9999999999

# name: lrnRate
# type: cell
# rows: 1
# columns: 1
# name: <cell-element>
# type: scalar
0.8

# name: lrnStrategy
# type: cell
# rows: 1
# columns: 1
# name: <cell-element>
# type: scalar
3

# name: lrn_A
# type: cell
# rows: 1
# columns: 1
# name: <cell-element>
# type: scalar
0.01

# name: lrn_B
# type: cell
# rows: 1
# columns: 1
# name: <cell-element>
# type: scalar
0.7

# name: lrn_K
# type: cell
# rows: 1
# columns: 1
# name: <cell-element>
# type: scalar
4

# name: alpha
# type: cell
# rows: 1
# columns: 1
# name: <cell-element>
# type: scalar
0.5

# name: momentum
# type: cell
# rows: 1
# columns: 1
# name: <cell-element>
# type: scalar
0

# name: amp
# type: cell
# rows: 1
# columns: 1
# name: <cell-element>
# type: scalar
4

# name: min
# type: cell
# rows: 1
# columns: 1
# name: <cell-element>
# type: scalar
-3.799963607729421

# name: max
# type: cell
# rows: 1
# columns: 1
# name: <cell-element>
# type: scalar
3.79999261289041

# name: trainSet
# type: cell
# rows: 1
# columns: 1
# name: <cell-element>
# type: cell
# rows: 100
# columns: 2
# name: <cell-element>
# type: cell
# rows: 1
# columns: 2
# name: <cell-element>
# type: matrix
# rows: 1
# columns: 2
 0.005 0.003925

# name: <cell-element>
# type: scalar
0.8015971732674207

# name: <cell-element>
# type: cell
# rows: 1
# columns: 2
# name: <cell-element>
# type: matrix
# rows: 1
# columns: 2
 0.003925 0.8015971732674207

# name: <cell-element>
# type: scalar
-0.7732439413804819

# name: <cell-element>
# type: cell
# rows: 1
# columns: 2
# name: <cell-element>
# type: matrix
# rows: 1
# columns: 2
 0.8015971732674207 -0.7732439413804819

# name: <cell-element>
# type: scalar
0.8075969996109261

# name: <cell-element>
# type: cell
# rows: 1
# columns: 2
# name: <cell-element>
# type: matrix
# rows: 1
# columns: 2
 -0.7732439413804819 0.8075969996109261

# name: <cell-element>
# type: scalar
0.7781347463875804

# name: <cell-element>
# type: cell
# rows: 1
# columns: 2
# name: <cell-element>
# type: matrix
# rows: 1
# columns: 2
 0.8075969996109261 0.7781347463875804

# name: <cell-element>
# type: scalar
0.8542031526422144

# name: <cell-element>
# type: cell
# rows: 1
# columns: 2
# name: <cell-element>
# type: matrix
# rows: 1
# columns: 2
 0.7781347463875804 0.8542031526422144

# name: <cell-element>
# type: scalar
0.6088960072584573

# name: <cell-element>
# type: cell
# rows: 1
# columns: 2
# name: <cell-element>
# type: matrix
# rows: 1
# columns: 2
 0.8542031526422144 0.6088960072584573

# name: <cell-element>
# type: scalar
0.8711010145525971

# name: <cell-element>
# type: cell
# rows: 1
# columns: 2
# name: <cell-element>
# type: matrix
# rows: 1
# columns: 2
 0.6088960072584573 0.8711010145525971

# name: <cell-element>
# type: scalar
-0.04636060665405125

# name: <cell-element>
# type: cell
# rows: 1
# columns: 2
