# Created by Octave 3.2.4, Mon Jun 10 10:47:55 2013 ART <marganar@lab98>
# name: mutationComp
# type: cell
# rows: 2
# columns: 1
# name: <cell-element>
# type: struct
# length: 21
# name: h
# type: cell
# rows: 1
# columns: 1
# name: <cell-element>
# type: scalar
2

# name: n
# type: cell
# rows: 1
# columns: 1
# name: <cell-element>
# type: scalar
2

# name: m
# type: cell
# rows: 1
# columns: 1
# name: <cell-element>
# type: scalar
9

# name: size
# type: cell
# rows: 1
# columns: 1
# name: <cell-element>
# type: scalar
127

# name: weights
# type: cell
# rows: 1
# columns: 1
# name: <cell-element>
# type: cell
# rows: 3
# columns: 1
# name: <cell-element>
# type: matrix
# rows: 3
# columns: 9
 13.63787680564151 8.330352095493199 -0.2437968937830592 14.41328549900881 -11.89183750037376 8.582160112403573 -1.745183614311197 4.487137099070044 -3.669530032440882
 5.610271047623902 -9.920229744265429 8.072792630784829 11.69568229193569 -8.861793367826822 -6.661474447955317 7.427813528515757 7.699121516285281 6.857874717114441
 -0.4613961002562281 8.724742610359181 0.7381460953682464 4.893303077324414 9.0858036056374 3.167021621466607 -6.943184238163645 -7.374426566021725 3.204584026372775
# name: <cell-element>
# type: matrix
# rows: 10
# columns: 9
 -0.0684385004755058 -1.572579804888976 10.78237466612087 3.210794537835445 -2.87050370698144 -2.226709774181565 -0.2046255090337363 3.412046391247517 -1.146708506704899
 1.667624088488732 2.419341160549982 -1.240773131378279 0.1382094058510389 -3.875986713193579 -0.1149726446072587 -2.041652214961187 3.750031703091611 1.108816594150365
 2.296631492897098 4.693252728480417 -4.273004397655449 -2.699572463818778 5.889061115938055 4.125813466755646 -4.796556136940278 -0.8205879997255021 -1.942648836878229
 -0.1763450960556626 0.2345913720647029 -1.837274524579931 -0.9166853178459283 1.059347511982971 -0.6670309448104674 -1.408772313684232 -1.325982447879385 -0.2118562557019454
 -3.085342187599623 -2.906546694329815 -1.646301900358427 3.761451076721031 -0.972667609861094 1.137080454212049 0.04812155432185925 -4.591424534251255 -0.7563459516218574
 4.962100587144557 1.125832937561903 -0.3672485447814061 2.710473265568012 -5.848407492002697 -3.869791851715508 1.639057910492299 -3.18212777518344 -4.874406619488955
 3.71337953394107 1.887862985459109 2.409659148613315 -2.374224093930581 -1.54482582014995 -2.391252605205391 4.750244251445099 -7.195537475265247 -1.010715108324722
 -1.864561992977479 3.229384911234123 0.6716236988861978 -0.4680932872357509 0.944700299213437 3.842279418599146 -4.76299002495389 -2.093760255239966 3.22051707171546
 1.922427550438109 0.2736931213700675 1.474372024612721 0.6923501999681516 0.7903014170056276 -4.626143064457786 4.916813171744621 1.461731040602012 -2.486659696762677
 2.632358964415861 1.686812302793828 0.4895665815232424 0.1996963930129309 -1.66766966087025 -1.00738274432474 -0.8992380194512378 -0.1106690021898843 -1.631610158758101
# name: <cell-element>
# type: matrix
# rows: 10
# columns: 1
 1.148573857115494
 -0.3460936777774474
 0.01740580267510771
 -1.171563343565878
 -0.09127347628756984
 0.4646940127737154
 1.204498067083507
 -1.151034228052936
 0.0335496478230512
 0.4149361292857773


# name: lastDWs
# type: cell
# rows: 1
# columns: 1
# name: <cell-element>
# type: cell
# rows: 3
# columns: 1
# name: <cell-element>
# type: matrix
# rows: 3
# columns: 9
 0 0 0 0 0 0 0 0 0
 0 0 0 0 0 0 0 0 0
 0 0 0 0 0 0 0 0 0
# name: <cell-element>
# type: matrix
# rows: 10
# columns: 9
 0 0 0 0 0 0 0 0 0
 0 0 0 0 0 0 0 0 0
 0 0 0 0 0 0 0 0 0
 0 0 0 0 0 0 0 0 0
 0 0 0 0 0 0 0 0 0
 0 0 0 0 0 0 0 0 0
 0 0 0 0 0 0 0 0 0
 0 0 0 0 0 0 0 0 0
 0 0 0 0 0 0 0 0 0
 0 0 0 0 0 0 0 0 0
# name: <cell-element>
# type: matrix
# rows: 10
# columns: 1
 0
 0
 0
 0
 0
 0
 0
 0
 0
 0


# name: out
# type: cell
# rows: 1
# columns: 1
# name: <cell-element>
# type: scalar
1

# name: neurons
# type: cell
# rows: 1
# columns: 1
# name: <cell-element>
# type: cell
# rows: 3
# columns: 1
# name: <cell-element>
# type: struct
# length: 2
# name: deltas
# type: cell
# rows: 1
# columns: 1
# name: <cell-element>
# type: matrix
# rows: 1
# columns: 9
 0 0 0 0 0 0 0 0 0

# name: values
# type: cell
# rows: 1
# columns: 1
# name: <cell-element>
# type: matrix
# rows: 1
# columns: 9
 0 0 0 0 0 0 0 0 0

# name: <cell-element>
# type: struct
# length: 2
# name: deltas
# type: cell
# rows: 1
# columns: 1
# name: <cell-element>
# type: matrix
# rows: 1
# columns: 9
 0 0 0 0 0 0 0 0 0

# name: values
# type: cell
# rows: 1
# columns: 1
# name: <cell-element>
# type: matrix
# rows: 1
# columns: 9
 0 0 0 0 0 0 0 0 0

# name: <cell-element>
# type: struct
# length: 2
# name: deltas
# type: cell
# rows: 1
# columns: 1
# name: <cell-element>
# type: scalar
0

# name: values
# type: cell
# rows: 1
# columns: 1
# name: <cell-element>
# type: scalar
0



# name: count
# type: cell
# rows: 1
# columns: 1
# name: <cell-element>
# type: scalar
0

# name: prevErr
# type: cell
# rows: 1
# columns: 1
# name: <cell-element>
# type: scalar
9999999999

# name: lrnRate
# type: cell
# rows: 1
# columns: 1
# name: <cell-element>
# type: scalar
0.8

# name: lrnStrategy
# type: cell
# rows: 1
# columns: 1
# name: <cell-element>
# type: scalar
3

# name: lrn_A
# type: cell
# rows: 1
# columns: 1
# name: <cell-element>
# type: scalar
0.01

# name: lrn_B
# type: cell
# rows: 1
# columns: 1
# name: <cell-element>
# type: scalar
0.7

# name: lrn_K
# type: cell
# rows: 1
# columns: 1
# name: <cell-element>
# type: scalar
4

# name: alpha
# type: cell
# rows: 1
# columns: 1
# name: <cell-element>
# type: scalar
0.5

# name: momentum
# type: cell
# rows: 1
# columns: 1
# name: <cell-element>
# type: scalar
0

# name: amp
# type: cell
# rows: 1
# columns: 1
# name: <cell-element>
# type: scalar
4

# name: min
# type: cell
# rows: 1
# columns: 1
# name: <cell-element>
# type: scalar
-3.799963607729421

# name: max
# type: cell
# rows: 1
# columns: 1
# name: <cell-element>
# type: scalar
3.79999261289041

# name: trainSet
# type: cell
# rows: 1
# columns: 1
# name: <cell-element>
# type: cell
# rows: 100
# columns: 2
# name: <cell-element>
# type: cell
# rows: 1
# columns: 2
# name: <cell-element>
# type: matrix
# rows: 1
# columns: 2
 0.005 0.003925

# name: <cell-element>
# type: scalar
0.8015971732674207

# name: <cell-element>
# type: cell
# rows: 1
# columns: 2
# name: <cell-element>
# type: matrix
# rows: 1
# columns: 2
 0.003925 0.8015971732674207

# name: <cell-element>
# type: scalar
-0.7732439413804819

# name: <cell-element>
# type: cell
# rows: 1
# columns: 2
# name: <cell-element>
# type: matrix
# rows: 1
# columns: 2
 0.8015971732674207 -0.7732439413804819

# name: <cell-element>
# type: scalar
0.8075969996109261

# name: <cell-element>
# type: cell
# rows: 1
# columns: 2
# name: <cell-element>
# type: matrix
# rows: 1
# columns: 2
 -0.7732439413804819 0.8075969996109261

# name: <cell-element>
# type: scalar
0.7781347463875804

# name: <cell-element>
# type: cell
# rows: 1
# columns: 2
# name: <cell-element>
# type: matrix
# rows: 1
# columns: 2
 0.8075969996109261 0.7781347463875804

# name: <cell-element>
# type: scalar
0.8542031526422144

# name: <cell-element>
# type: cell
# rows: 1
# columns: 2
# name: <cell-element>
# type: matrix
# rows: 1
# columns: 2
 0.7781347463875804 0.8542031526422144

# name: <cell-element>
# type: scalar
0.6088960072584573

# name: <cell-element>
# type: cell
# rows: 1
# columns: 2
# name: <cell-element>
# type: matrix
# rows: 1
# columns: 2
 0.8542031526422144 0.6088960072584573

# name: <cell-element>
# type: scalar
0.8711010145525971

# name: <cell-element>
# type: cell
# rows: 1
# columns: 2
# name: <cell-element>
# type: matrix
# rows: 1
# columns: 2
 0.6088960072584573 0.8711010145525971

# name: <cell-element>
# type: scalar
-0.04636060665405125

# name: <cell-element>
# type: cell
# rows: 1
# columns: 2
