# Created by Octave 3.2.4, Mon Jun 10 10:56:03 2013 ART <marganar@lab98>
# name: mutationComp
# type: cell
# rows: 2
# columns: 1
# name: <cell-element>
# type: struct
# length: 21
# name: h
# type: cell
# rows: 1
# columns: 1
# name: <cell-element>
# type: scalar
2

# name: n
# type: cell
# rows: 1
# columns: 1
# name: <cell-element>
# type: scalar
2

# name: m
# type: cell
# rows: 1
# columns: 1
# name: <cell-element>
# type: scalar
9

# name: size
# type: cell
# rows: 1
# columns: 1
# name: <cell-element>
# type: scalar
127

# name: weights
# type: cell
# rows: 1
# columns: 1
# name: <cell-element>
# type: cell
# rows: 3
# columns: 1
# name: <cell-element>
# type: matrix
# rows: 3
# columns: 9
 15.0160216658084 -14.17273382633692 -3.527160979508622 -5.895868527615521 -12.90776809122204 9.868193811652155 -19.88353374779828 -2.642201978604316 12.70083290956983
 -3.559544721897025 12.32533398142824 11.73027503178539 -10.30414723762273 0.2749954772052879 -12.63581938716582 -11.04696016247686 15.04850708027561 -17.87371234595568
 13.06823544731234 -12.86356101559789 8.634408355898097 9.375907814996305 8.505925187051021 -8.363190430821748 17.78222559345055 -14.58759069798196 -10.30448261207752
# name: <cell-element>
# type: matrix
# rows: 10
# columns: 9
 7.441769215589587 -0.02406492518977403 -8.792365334539339 1.567637688262624 -0.2814419729714969 3.237828177652744 -2.374754286454141 6.060043220673929 -0.6041623562993653
 -2.996700494059755 -3.279836764038984 -5.695687803213263 -0.07248278192854528 -1.847814942821852 -1.848649808782092 -0.1803702653834853 -3.247603957205127 -0.5398595136334069
 5.332425672609449 1.271710787533243 -1.051310611986708 -0.04542155584161896 -4.807324123456829 5.564359055233669 0.09145574250373625 -1.324988711611178 -6.189365024745745
 -5.541036192473491 0.08016311897740686 0.7306708510213283 0.7199594384864105 0.1155050633412983 6.905430608299764 -0.2256372588108845 2.044308832076138 2.798048785238899
 9.296688819673733 1.527987963601996 5.453883655901035 4.386149264668625 -4.493545694842072 -2.368199926982773 1.236158032833453 1.365983570059124 -2.157809831833086
 1.498647142197936 -1.36131543949096 -4.066686852302129 -1.812240043968193 4.438461931731286 2.471797222002124 -0.3536707622095758 2.044165498764845 -4.466114640039872
 3.946872239684724 -2.882099071111348 2.775169328216731 -4.694046779424967 6.585966553007019 -2.105933325895648 4.397692190580986 -1.278345609250912 -3.000065078234249
 -0.5128969094866249 -1.61788792714782 -3.213244130880111 -3.190878243217316 -5.501417950758719 -3.263839516321146 -3.454758850045913 1.675176052646293 5.323225577529335
 0.4639587914964405 -5.732280564731195 6.009534599509936 -0.3485232898843115 -2.257118420683392 -4.375969708652926 1.553534496372444 2.140645053861828 2.299288694727664
 0.1807945215604091 1.671650324154692 4.375942331223635 -0.0619925242268743 -6.199343584879283 -0.1232532686238819 -4.37362427000174 8.488521833709772 2.642728603145502
# name: <cell-element>
# type: matrix
# rows: 10
# columns: 1
 -1.581268775213068
 0.7868998925733608
 -0.6234938563618484
 1.40595582929956
 1.627843858884158
 1.4015122715895
 -0.01554257041782077
 0.4651738658582111
 1.509979753976309
 1.086373186911491


# name: lastDWs
# type: cell
# rows: 1
# columns: 1
# name: <cell-element>
# type: cell
# rows: 3
# columns: 1
# name: <cell-element>
# type: matrix
# rows: 3
# columns: 9
 0 0 0 0 0 0 0 0 0
 0 0 0 0 0 0 0 0 0
 0 0 0 0 0 0 0 0 0
# name: <cell-element>
# type: matrix
# rows: 10
# columns: 9
 0 0 0 0 0 0 0 0 0
 0 0 0 0 0 0 0 0 0
 0 0 0 0 0 0 0 0 0
 0 0 0 0 0 0 0 0 0
 0 0 0 0 0 0 0 0 0
 0 0 0 0 0 0 0 0 0
 0 0 0 0 0 0 0 0 0
 0 0 0 0 0 0 0 0 0
 0 0 0 0 0 0 0 0 0
 0 0 0 0 0 0 0 0 0
# name: <cell-element>
# type: matrix
# rows: 10
# columns: 1
 0
 0
 0
 0
 0
 0
 0
 0
 0
 0


# name: out
# type: cell
# rows: 1
# columns: 1
# name: <cell-element>
# type: scalar
1

# name: neurons
# type: cell
# rows: 1
# columns: 1
# name: <cell-element>
# type: cell
# rows: 3
# columns: 1
# name: <cell-element>
# type: struct
# length: 2
# name: deltas
# type: cell
# rows: 1
# columns: 1
# name: <cell-element>
# type: matrix
# rows: 1
# columns: 9
 0 0 0 0 0 0 0 0 0

# name: values
# type: cell
# rows: 1
# columns: 1
# name: <cell-element>
# type: matrix
# rows: 1
# columns: 9
 0 0 0 0 0 0 0 0 0

# name: <cell-element>
# type: struct
# length: 2
# name: deltas
# type: cell
# rows: 1
# columns: 1
# name: <cell-element>
# type: matrix
# rows: 1
# columns: 9
 0 0 0 0 0 0 0 0 0

# name: values
# type: cell
# rows: 1
# columns: 1
# name: <cell-element>
# type: matrix
# rows: 1
# columns: 9
 0 0 0 0 0 0 0 0 0

# name: <cell-element>
# type: struct
# length: 2
# name: deltas
# type: cell
# rows: 1
# columns: 1
# name: <cell-element>
# type: scalar
0

# name: values
# type: cell
# rows: 1
# columns: 1
# name: <cell-element>
# type: scalar
0



# name: count
# type: cell
# rows: 1
# columns: 1
# name: <cell-element>
# type: scalar
0

# name: prevErr
# type: cell
# rows: 1
# columns: 1
# name: <cell-element>
# type: scalar
9999999999

# name: lrnRate
# type: cell
# rows: 1
# columns: 1
# name: <cell-element>
# type: scalar
0.8

# name: lrnStrategy
# type: cell
# rows: 1
# columns: 1
# name: <cell-element>
# type: scalar
3

# name: lrn_A
# type: cell
# rows: 1
# columns: 1
# name: <cell-element>
# type: scalar
0.01

# name: lrn_B
# type: cell
# rows: 1
# columns: 1
# name: <cell-element>
# type: scalar
0.7

# name: lrn_K
# type: cell
# rows: 1
# columns: 1
# name: <cell-element>
# type: scalar
4

# name: alpha
# type: cell
# rows: 1
# columns: 1
# name: <cell-element>
# type: scalar
0.5

# name: momentum
# type: cell
# rows: 1
# columns: 1
# name: <cell-element>
# type: scalar
0

# name: amp
# type: cell
# rows: 1
# columns: 1
# name: <cell-element>
# type: scalar
4

# name: min
# type: cell
# rows: 1
# columns: 1
# name: <cell-element>
# type: scalar
-3.799963607729421

# name: max
# type: cell
# rows: 1
# columns: 1
# name: <cell-element>
# type: scalar
3.79999261289041

# name: trainSet
# type: cell
# rows: 1
# columns: 1
# name: <cell-element>
# type: cell
# rows: 100
# columns: 2
# name: <cell-element>
# type: cell
# rows: 1
# columns: 2
# name: <cell-element>
# type: matrix
# rows: 1
# columns: 2
 0.005 0.003925

# name: <cell-element>
# type: scalar
0.8015971732674207

# name: <cell-element>
# type: cell
# rows: 1
# columns: 2
# name: <cell-element>
# type: matrix
# rows: 1
# columns: 2
 0.003925 0.8015971732674207

# name: <cell-element>
# type: scalar
-0.7732439413804819

# name: <cell-element>
# type: cell
# rows: 1
# columns: 2
# name: <cell-element>
# type: matrix
# rows: 1
# columns: 2
 0.8015971732674207 -0.7732439413804819

# name: <cell-element>
# type: scalar
0.8075969996109261

# name: <cell-element>
# type: cell
# rows: 1
# columns: 2
# name: <cell-element>
# type: matrix
# rows: 1
# columns: 2
 -0.7732439413804819 0.8075969996109261

# name: <cell-element>
# type: scalar
0.7781347463875804

# name: <cell-element>
# type: cell
# rows: 1
# columns: 2
# name: <cell-element>
# type: matrix
# rows: 1
# columns: 2
 0.8075969996109261 0.7781347463875804

# name: <cell-element>
# type: scalar
0.8542031526422144

# name: <cell-element>
# type: cell
# rows: 1
# columns: 2
# name: <cell-element>
# type: matrix
# rows: 1
# columns: 2
 0.7781347463875804 0.8542031526422144

# name: <cell-element>
# type: scalar
0.6088960072584573

# name: <cell-element>
# type: cell
# rows: 1
# columns: 2
# name: <cell-element>
# type: matrix
# rows: 1
# columns: 2
 0.8542031526422144 0.6088960072584573

# name: <cell-element>
# type: scalar
0.8711010145525971

# name: <cell-element>
# type: cell
# rows: 1
# columns: 2
# name: <cell-element>
# type: matrix
# rows: 1
# columns: 2
 0.6088960072584573 0.8711010145525971

# name: <cell-element>
# type: scalar
-0.04636060665405125

# name: <cell-element>
# type: cell
# rows: 1
# columns: 2
