# Created by Octave 3.2.4, Mon Jun 10 10:40:51 2013 ART <marganar@lab98>
# name: mutationComp
# type: cell
# rows: 2
# columns: 1
# name: <cell-element>
# type: struct
# length: 21
# name: h
# type: cell
# rows: 1
# columns: 1
# name: <cell-element>
# type: scalar
2

# name: n
# type: cell
# rows: 1
# columns: 1
# name: <cell-element>
# type: scalar
2

# name: m
# type: cell
# rows: 1
# columns: 1
# name: <cell-element>
# type: scalar
9

# name: size
# type: cell
# rows: 1
# columns: 1
# name: <cell-element>
# type: scalar
127

# name: weights
# type: cell
# rows: 1
# columns: 1
# name: <cell-element>
# type: cell
# rows: 3
# columns: 1
# name: <cell-element>
# type: matrix
# rows: 3
# columns: 9
 -2.017360650318257 1.771239443684836 1.713155225101157 6.058128437384276 -10.10000063192483 -4.1376728366227 5.164649984118383 -24.59336776917211 0.101941308536882
 -2.37367718102141 -5.13052925345461 18.40263637287286 -2.120747411827621 10.74497770638805 -14.26791329949567 17.18904081322853 -20.04751730410119 -1.082842952417911
 -0.396347278365407 4.34409616902986 -18.78805284233821 5.232834919626971 -10.86157965175411 -0.01062243885185977 -18.56973927307143 17.11016092172258 -2.211565186881266
# name: <cell-element>
# type: matrix
# rows: 10
# columns: 9
 4.707430298129865 -8.094112717869702 2.803574522521968 -4.685153696197753 -5.364387318983863 -0.5689223412032383 -1.765202189854646 -3.795026600986627 -0.216811748527558
 -2.72026854328678 -2.342355628558922 0.03227895736872835 -2.524810066072401 -2.951592776067304 -0.8612544869852482 -1.568791092388564 -3.465464648876046 2.095490981230214
 -0.7283054931922978 1.739542758189119 -3.078916059536118 0.591046984766481 1.932596944450067 5.401285183863822 -2.116829125010848 0.4333093382685748 0.6639479099005304
 -5.069434001452671 0.3990724663409164 -0.1522692511245481 -1.607842644153126 -5.90176430169674 -0.4591139047688798 1.140636555235349 0.4116475873333716 5.875785280292279
 -0.6822118024665653 0.6057064688575807 -1.706107931734634 -2.269177330953589 2.762184793139748 -1.646647663450858 -0.9037130427929895 -0.295414326897122 2.456672467973248
 4.629737932549869 0.7678902273451722 -1.381034159770033 -2.270056175588131 1.504178739057115 -0.9574657373691644 -2.942940011277933 -1.422494798129611 -0.5624164136217893
 5.06730888337466 3.306534975912821 -0.6059768173353859 1.226092296360601 -0.917474771183741 -4.435538908758197 0.5615487045337521 0.884538069429079 1.107782145443116
 4.225042021585367 5.596288796322535 -2.09018362726656 3.557357789603785 5.706435036055477 0.4525673156296582 -0.1710485818836783 -6.444382572405229 -2.625602524114617
 2.303810218065095 3.411279439857408 0.0242831096769404 -4.854780552776193 -0.4857084463452625 1.307135434834309 1.20738140080946 -6.195714335943114 3.69252581663386
 2.059491996444864 1.27790770324898 1.176761862029397 5.492564816278043 3.81193075029791 2.350713739681808 1.161409271335129 3.042417421568536 -2.647813664872058
# name: <cell-element>
# type: matrix
# rows: 10
# columns: 1
 -0.8952645457269978
 -0.9993820421541314
 -0.02004646167039386
 0.8050461200894633
 0.5140823904403068
 -1.985279076480774
 -0.4189013967908763
 0.7050119807343816
 1.441942454839819
 -0.6674314029806087


# name: lastDWs
# type: cell
# rows: 1
# columns: 1
# name: <cell-element>
# type: cell
# rows: 3
# columns: 1
# name: <cell-element>
# type: matrix
# rows: 3
# columns: 9
 0 0 0 0 0 0 0 0 0
 0 0 0 0 0 0 0 0 0
 0 0 0 0 0 0 0 0 0
# name: <cell-element>
# type: matrix
# rows: 10
# columns: 9
 0 0 0 0 0 0 0 0 0
 0 0 0 0 0 0 0 0 0
 0 0 0 0 0 0 0 0 0
 0 0 0 0 0 0 0 0 0
 0 0 0 0 0 0 0 0 0
 0 0 0 0 0 0 0 0 0
 0 0 0 0 0 0 0 0 0
 0 0 0 0 0 0 0 0 0
 0 0 0 0 0 0 0 0 0
 0 0 0 0 0 0 0 0 0
# name: <cell-element>
# type: matrix
# rows: 10
# columns: 1
 0
 0
 0
 0
 0
 0
 0
 0
 0
 0


# name: out
# type: cell
# rows: 1
# columns: 1
# name: <cell-element>
# type: scalar
1

# name: neurons
# type: cell
# rows: 1
# columns: 1
# name: <cell-element>
# type: cell
# rows: 3
# columns: 1
# name: <cell-element>
# type: struct
# length: 2
# name: deltas
# type: cell
# rows: 1
# columns: 1
# name: <cell-element>
# type: matrix
# rows: 1
# columns: 9
 0 0 0 0 0 0 0 0 0

# name: values
# type: cell
# rows: 1
# columns: 1
# name: <cell-element>
# type: matrix
# rows: 1
# columns: 9
 0 0 0 0 0 0 0 0 0

# name: <cell-element>
# type: struct
# length: 2
# name: deltas
# type: cell
# rows: 1
# columns: 1
# name: <cell-element>
# type: matrix
# rows: 1
# columns: 9
 0 0 0 0 0 0 0 0 0

# name: values
# type: cell
# rows: 1
# columns: 1
# name: <cell-element>
# type: matrix
# rows: 1
# columns: 9
 0 0 0 0 0 0 0 0 0

# name: <cell-element>
# type: struct
# length: 2
# name: deltas
# type: cell
# rows: 1
# columns: 1
# name: <cell-element>
# type: scalar
0

# name: values
# type: cell
# rows: 1
# columns: 1
# name: <cell-element>
# type: scalar
0



# name: count
# type: cell
# rows: 1
# columns: 1
# name: <cell-element>
# type: scalar
0

# name: prevErr
# type: cell
# rows: 1
# columns: 1
# name: <cell-element>
# type: scalar
9999999999

# name: lrnRate
# type: cell
# rows: 1
# columns: 1
# name: <cell-element>
# type: scalar
0.8

# name: lrnStrategy
# type: cell
# rows: 1
# columns: 1
# name: <cell-element>
# type: scalar
3

# name: lrn_A
# type: cell
# rows: 1
# columns: 1
# name: <cell-element>
# type: scalar
0.01

# name: lrn_B
# type: cell
# rows: 1
# columns: 1
# name: <cell-element>
# type: scalar
0.7

# name: lrn_K
# type: cell
# rows: 1
# columns: 1
# name: <cell-element>
# type: scalar
4

# name: alpha
# type: cell
# rows: 1
# columns: 1
# name: <cell-element>
# type: scalar
0.5

# name: momentum
# type: cell
# rows: 1
# columns: 1
# name: <cell-element>
# type: scalar
0

# name: amp
# type: cell
# rows: 1
# columns: 1
# name: <cell-element>
# type: scalar
4

# name: min
# type: cell
# rows: 1
# columns: 1
# name: <cell-element>
# type: scalar
-3.799963607729421

# name: max
# type: cell
# rows: 1
# columns: 1
# name: <cell-element>
# type: scalar
3.79999261289041

# name: trainSet
# type: cell
# rows: 1
# columns: 1
# name: <cell-element>
# type: cell
# rows: 100
# columns: 2
# name: <cell-element>
# type: cell
# rows: 1
# columns: 2
# name: <cell-element>
# type: matrix
# rows: 1
# columns: 2
 0.005 0.003925

# name: <cell-element>
# type: scalar
0.8015971732674207

# name: <cell-element>
# type: cell
# rows: 1
# columns: 2
# name: <cell-element>
# type: matrix
# rows: 1
# columns: 2
 0.003925 0.8015971732674207

# name: <cell-element>
# type: scalar
-0.7732439413804819

# name: <cell-element>
# type: cell
# rows: 1
# columns: 2
# name: <cell-element>
# type: matrix
# rows: 1
# columns: 2
 0.8015971732674207 -0.7732439413804819

# name: <cell-element>
# type: scalar
0.8075969996109261

# name: <cell-element>
# type: cell
# rows: 1
# columns: 2
# name: <cell-element>
# type: matrix
# rows: 1
# columns: 2
 -0.7732439413804819 0.8075969996109261

# name: <cell-element>
# type: scalar
0.7781347463875804

# name: <cell-element>
# type: cell
# rows: 1
# columns: 2
# name: <cell-element>
# type: matrix
# rows: 1
# columns: 2
 0.8075969996109261 0.7781347463875804

# name: <cell-element>
# type: scalar
0.8542031526422144

# name: <cell-element>
# type: cell
# rows: 1
# columns: 2
# name: <cell-element>
# type: matrix
# rows: 1
# columns: 2
 0.7781347463875804 0.8542031526422144

# name: <cell-element>
# type: scalar
0.6088960072584573

# name: <cell-element>
# type: cell
# rows: 1
# columns: 2
# name: <cell-element>
# type: matrix
# rows: 1
# columns: 2
 0.8542031526422144 0.6088960072584573

# name: <cell-element>
# type: scalar
0.8711010145525971

# name: <cell-element>
# type: cell
# rows: 1
# columns: 2
# name: <cell-element>
# type: matrix
# rows: 1
# columns: 2
 0.6088960072584573 0.8711010145525971

# name: <cell-element>
# type: scalar
-0.04636060665405125

# name: <cell-element>
# type: cell
# rows: 1
# columns: 2
