# Created by Octave 3.2.4, Sun Jun 09 17:51:47 2013 ART <kkenny@lab102>
# name: mutAdaptationComp
# type: cell
# rows: 2
# columns: 1
# name: <cell-element>
# type: struct
# length: 21
# name: h
# type: cell
# rows: 1
# columns: 1
# name: <cell-element>
# type: scalar
2

# name: n
# type: cell
# rows: 1
# columns: 1
# name: <cell-element>
# type: scalar
2

# name: m
# type: cell
# rows: 1
# columns: 1
# name: <cell-element>
# type: scalar
9

# name: size
# type: cell
# rows: 1
# columns: 1
# name: <cell-element>
# type: scalar
127

# name: weights
# type: cell
# rows: 1
# columns: 1
# name: <cell-element>
# type: cell
# rows: 3
# columns: 1
# name: <cell-element>
# type: matrix
# rows: 3
# columns: 9
 8.953212324498523 6.505001324709647 -3.001778173310286 -1.528095317525039 -11.93679582930055 -6.878297760645016 -5.435450941282732 -8.352563719032149 7.150376078064681
 -18.59790087689185 8.778773572261834 -6.136867162764695 12.14625361487034 -5.392487870181534 -8.692030918404521 7.245139760853359 -18.63827632452187 5.152854297495223
 18.56696868279622 -9.224356207769347 6.028253165742221 -11.96625077872859 -6.366851976868034 -10.37032324033747 -5.545616592828869 2.609576568143332 -6.136294102100252
# name: <cell-element>
# type: matrix
# rows: 10
# columns: 9
 3.183182645777785 -1.353877760690429 -3.379804476109055 2.799150615483057 6.609585127309797 6.622698124683301 2.834429883632633 0.9844421512318748 2.611276123783655
 -1.017803913498011 5.859744300665708 3.028731065536609 -3.829247221722575 -2.928348118231853 4.030483278918756 1.070096034379354 -3.527295861364193 2.550101218560235
 -0.5557068290362374 1.760918831187041 2.252161181204769 1.090433861266663 -2.293876615176549 3.383394812433536 -1.42806929349207 -3.58842839642662 -1.594616886192279
 -1.440551924825844 3.049036754424717 4.005737965666363 1.236974432784764 3.225168925647043 -2.314756965298232 -2.343718727454963 0.8076955908363819 -5.294522421813443
 -2.543776071970508 2.459862407027189 4.601468201696165 -0.3181009595982462 2.496305707690504 -2.562254260753825 -1.397092197068346 2.766255811625978 6.197183734134754
 0.5896167004387984 1.294509388459962 -0.762731831704997 0.3591397885622288 0.4017665905509981 2.958732758186128 2.069890383439914 0.7721818293256638 -2.831966686548481
 -0.1164182727370664 0.6020514784669804 -1.775558380457541 -0.9249078255238506 2.148695544037405 -3.004994345596633 3.270759229734378 0.3997316679514433 -2.428540968115135
 -0.5781505873687948 -0.1311392784301881 1.347249465108989 -3.990152291047226 0.7385359735891804 -0.5327576320779209 3.246347510257375 -6.126757033815183 -0.9354414742618296
 -0.4347434572873051 -3.21542481719816 4.420458521831624 0.4958845955089333 -2.173105374899523 2.864262474686402 -1.975210254435107 0.9171849588821569 2.308561360540491
 -4.87914732766075 0.9664123679256099 -0.5875738481507348 -2.210765543208153 4.568109493723609 -1.189212866313515 1.158737416065243 0.01989930805507972 -2.492575249714578
# name: <cell-element>
# type: matrix
# rows: 10
# columns: 1
 -0.7091271425360268
 -0.3889333180871796
 -0.08489282916129189
 -0.8209713617999048
 -0.1113898249689838
 1.434066642513124
 -0.5066832887333957
 -0.748421527979804
 1.558226174943196
 -0.6355865244429175


# name: lastDWs
# type: cell
# rows: 1
# columns: 1
# name: <cell-element>
# type: cell
# rows: 3
# columns: 1
# name: <cell-element>
# type: matrix
# rows: 3
# columns: 9
 0 0 0 0 0 0 0 0 0
 0 0 0 0 0 0 0 0 0
 0 0 0 0 0 0 0 0 0
# name: <cell-element>
# type: matrix
# rows: 10
# columns: 9
 0 0 0 0 0 0 0 0 0
 0 0 0 0 0 0 0 0 0
 0 0 0 0 0 0 0 0 0
 0 0 0 0 0 0 0 0 0
 0 0 0 0 0 0 0 0 0
 0 0 0 0 0 0 0 0 0
 0 0 0 0 0 0 0 0 0
 0 0 0 0 0 0 0 0 0
 0 0 0 0 0 0 0 0 0
 0 0 0 0 0 0 0 0 0
# name: <cell-element>
# type: matrix
# rows: 10
# columns: 1
 0
 0
 0
 0
 0
 0
 0
 0
 0
 0


# name: out
# type: cell
# rows: 1
# columns: 1
# name: <cell-element>
# type: scalar
1

# name: neurons
# type: cell
# rows: 1
# columns: 1
# name: <cell-element>
# type: cell
# rows: 3
# columns: 1
# name: <cell-element>
# type: struct
# length: 2
# name: deltas
# type: cell
# rows: 1
# columns: 1
# name: <cell-element>
# type: matrix
# rows: 1
# columns: 9
 0 0 0 0 0 0 0 0 0

# name: values
# type: cell
# rows: 1
# columns: 1
# name: <cell-element>
# type: matrix
# rows: 1
# columns: 9
 0 0 0 0 0 0 0 0 0

# name: <cell-element>
# type: struct
# length: 2
# name: deltas
# type: cell
# rows: 1
# columns: 1
# name: <cell-element>
# type: matrix
# rows: 1
# columns: 9
 0 0 0 0 0 0 0 0 0

# name: values
# type: cell
# rows: 1
# columns: 1
# name: <cell-element>
# type: matrix
# rows: 1
# columns: 9
 0 0 0 0 0 0 0 0 0

# name: <cell-element>
# type: struct
# length: 2
# name: deltas
# type: cell
# rows: 1
# columns: 1
# name: <cell-element>
# type: scalar
0

# name: values
# type: cell
# rows: 1
# columns: 1
# name: <cell-element>
# type: scalar
0



# name: count
# type: cell
# rows: 1
# columns: 1
# name: <cell-element>
# type: scalar
0

# name: prevErr
# type: cell
# rows: 1
# columns: 1
# name: <cell-element>
# type: scalar
9999999999

# name: lrnRate
# type: cell
# rows: 1
# columns: 1
# name: <cell-element>
# type: scalar
0.8

# name: lrnStrategy
# type: cell
# rows: 1
# columns: 1
# name: <cell-element>
# type: scalar
3

# name: lrn_A
# type: cell
# rows: 1
# columns: 1
# name: <cell-element>
# type: scalar
0.01

# name: lrn_B
# type: cell
# rows: 1
# columns: 1
# name: <cell-element>
# type: scalar
0.7

# name: lrn_K
# type: cell
# rows: 1
# columns: 1
# name: <cell-element>
# type: scalar
4

# name: alpha
# type: cell
# rows: 1
# columns: 1
# name: <cell-element>
# type: scalar
0.5

# name: momentum
# type: cell
# rows: 1
# columns: 1
# name: <cell-element>
# type: scalar
0

# name: amp
# type: cell
# rows: 1
# columns: 1
# name: <cell-element>
# type: scalar
4

# name: min
# type: cell
# rows: 1
# columns: 1
# name: <cell-element>
# type: scalar
-3.799963607729421

# name: max
# type: cell
# rows: 1
# columns: 1
# name: <cell-element>
# type: scalar
3.79999261289041

# name: trainSet
# type: cell
# rows: 1
# columns: 1
# name: <cell-element>
# type: cell
# rows: 100
# columns: 2
# name: <cell-element>
# type: cell
# rows: 1
# columns: 2
# name: <cell-element>
# type: matrix
# rows: 1
# columns: 2
 0.005 0.003925

# name: <cell-element>
# type: scalar
0.8015971732674207

# name: <cell-element>
# type: cell
# rows: 1
# columns: 2
# name: <cell-element>
# type: matrix
# rows: 1
# columns: 2
 0.003925 0.8015971732674207

# name: <cell-element>
# type: scalar
-0.7732439413804819

# name: <cell-element>
# type: cell
# rows: 1
# columns: 2
# name: <cell-element>
# type: matrix
# rows: 1
# columns: 2
 0.8015971732674207 -0.7732439413804819

# name: <cell-element>
# type: scalar
0.8075969996109261

# name: <cell-element>
# type: cell
# rows: 1
# columns: 2
# name: <cell-element>
# type: matrix
# rows: 1
# columns: 2
 -0.7732439413804819 0.8075969996109261

# name: <cell-element>
# type: scalar
0.7781347463875804

# name: <cell-element>
# type: cell
# rows: 1
# columns: 2
# name: <cell-element>
# type: matrix
# rows: 1
# columns: 2
 0.8075969996109261 0.7781347463875804

# name: <cell-element>
# type: scalar
0.8542031526422144

# name: <cell-element>
# type: cell
# rows: 1
# columns: 2
# name: <cell-element>
# type: matrix
# rows: 1
# columns: 2
 0.7781347463875804 0.8542031526422144

# name: <cell-element>
# type: scalar
0.6088960072584573

# name: <cell-element>
# type: cell
# rows: 1
# columns: 2
# name: <cell-element>
# type: matrix
# rows: 1
# columns: 2
 0.8542031526422144 0.6088960072584573

# name: <cell-element>
# type: scalar
0.8711010145525971

# name: <cell-element>
# type: cell
# rows: 1
# columns: 2
# name: <cell-element>
# type: matrix
# rows: 1
# columns: 2
 0.6088960072584573 0.8711010145525971

# name: <cell-element>
# type: scalar
-0.04636060665405125

# name: <cell-element>
# type: cell
# rows: 1
# columns: 2
