# Created by Octave 3.2.4, Mon Jun 10 09:31:36 2013 ART <marganar@lab99>
# name: pbackpropComp
# type: cell
# rows: 2
# columns: 1
# name: <cell-element>
# type: struct
# length: 21
# name: h
# type: cell
# rows: 1
# columns: 1
# name: <cell-element>
# type: scalar
2

# name: n
# type: cell
# rows: 1
# columns: 1
# name: <cell-element>
# type: scalar
2

# name: m
# type: cell
# rows: 1
# columns: 1
# name: <cell-element>
# type: scalar
9

# name: size
# type: cell
# rows: 1
# columns: 1
# name: <cell-element>
# type: scalar
127

# name: weights
# type: cell
# rows: 1
# columns: 1
# name: <cell-element>
# type: cell
# rows: 3
# columns: 1
# name: <cell-element>
# type: matrix
# rows: 3
# columns: 9
 5.542462732541722 -3.354857720595117 -5.718481537001268 -0.4468537567195479 -15.01827369018689 -7.727486724322364 4.544545793653852 10.51420186173792 -9.237197211026741
 -21.46989941112202 3.319756886825131 -5.157576775653022 -7.701288231464823 -11.68519751572373 -13.36095616150458 7.705759783857686 -11.84308145702006 -3.728791112237718
 21.64145023141069 -1.058399729334667 -1.896644692237457 -9.943355880871552 10.4845149388471 12.53139330600529 -0.7197862015163138 5.382256058206958 4.314609665343839
# name: <cell-element>
# type: matrix
# rows: 10
# columns: 9
 2.589156098357241 1.19770779659346 6.33258319791945 1.022503191335197 -2.190496438789813 7.983969749192853 -2.509832161398972 3.462646724070449 -2.402369175977355
 -1.408398680347883 -1.08053853532194 -0.2915616295566724 -3.305214193770632 -1.590005061448525 3.594025957310991 0.7360946070664632 -0.9732781263203497 -5.201114166588287
 -4.017858459813979 -2.896707420572706 -1.049257206123126 -5.171406949454412 4.246187470536607 -3.441541389709353 -1.008838031014001 1.261524734766296 1.596906042688107
 -0.6409391465792484 -2.435860575989703 0.4738543621303438 -2.013710141491958 0.8299088358636632 -1.07286057148558 -0.1856724794927099 1.150787300536779 -0.4334660841889156
 -0.3549376314245992 -0.06230090958986081 2.775982487955444 0.4147154371366423 -0.3089882628550228 2.739025285795148 1.862498111245025 -2.976425423508952 3.579016873766196
 0.02372971047691326 0.8238394319214911 0.8807927084230199 3.18273093702886 -2.544224193391508 -0.3988413198361399 4.363043468601674 -5.678179648005852 -2.851098925686666
 1.365690521725074 -1.955223294717449 0.1081525717773178 1.532128497288114 4.001228047260986 1.532333990495172 -0.823115293448494 1.038568893390394 5.462834381096574
 -0.489577169794265 -0.8595653745512515 0.7583242453365666 -1.528931187667067 2.991309703162377 2.324842216459214 0.1669658762358862 -1.552363078478924 -0.8339012438909326
 1.056002310999985 -0.6172880071474551 1.202489953085256 5.317754316670761 3.152983763494492 -1.989558252474314 -1.320501053455279 -1.183674277582455 2.775318813701211
 1.279112919543463 5.876050320242965 -2.445434822667209 1.602190770765279 -2.312864121935681 0.06842075095601997 -5.58674361641194 2.121545378905317 -2.909519931820945
# name: <cell-element>
# type: matrix
# rows: 10
# columns: 1
 -1.612100513279102
 -0.947607005720894
 -0.008505717769191245
 1.13102277778531
 1.690036390668992
 1.44456205359292
 0.06679850768914961
 -0.09619231580947631
 0.3493670714104558
 1.063386381875063


# name: lastDWs
# type: cell
# rows: 1
# columns: 1
# name: <cell-element>
# type: cell
# rows: 3
# columns: 1
# name: <cell-element>
# type: matrix
# rows: 3
# columns: 9
 0 0 0 0 0 0 0 0 0
 0 0 0 0 0 0 0 0 0
 0 0 0 0 0 0 0 0 0
# name: <cell-element>
# type: matrix
# rows: 10
# columns: 9
 0 0 0 0 0 0 0 0 0
 0 0 0 0 0 0 0 0 0
 0 0 0 0 0 0 0 0 0
 0 0 0 0 0 0 0 0 0
 0 0 0 0 0 0 0 0 0
 0 0 0 0 0 0 0 0 0
 0 0 0 0 0 0 0 0 0
 0 0 0 0 0 0 0 0 0
 0 0 0 0 0 0 0 0 0
 0 0 0 0 0 0 0 0 0
# name: <cell-element>
# type: matrix
# rows: 10
# columns: 1
 0
 0
 0
 0
 0
 0
 0
 0
 0
 0


# name: out
# type: cell
# rows: 1
# columns: 1
# name: <cell-element>
# type: scalar
1

# name: neurons
# type: cell
# rows: 1
# columns: 1
# name: <cell-element>
# type: cell
# rows: 3
# columns: 1
# name: <cell-element>
# type: struct
# length: 2
# name: deltas
# type: cell
# rows: 1
# columns: 1
# name: <cell-element>
# type: matrix
# rows: 1
# columns: 9
 0 0 0 0 0 0 0 0 0

# name: values
# type: cell
# rows: 1
# columns: 1
# name: <cell-element>
# type: matrix
# rows: 1
# columns: 9
 0 0 0 0 0 0 0 0 0

# name: <cell-element>
# type: struct
# length: 2
# name: deltas
# type: cell
# rows: 1
# columns: 1
# name: <cell-element>
# type: matrix
# rows: 1
# columns: 9
 0 0 0 0 0 0 0 0 0

# name: values
# type: cell
# rows: 1
# columns: 1
# name: <cell-element>
# type: matrix
# rows: 1
# columns: 9
 0 0 0 0 0 0 0 0 0

# name: <cell-element>
# type: struct
# length: 2
# name: deltas
# type: cell
# rows: 1
# columns: 1
# name: <cell-element>
# type: scalar
0

# name: values
# type: cell
# rows: 1
# columns: 1
# name: <cell-element>
# type: scalar
0



# name: count
# type: cell
# rows: 1
# columns: 1
# name: <cell-element>
# type: scalar
0

# name: prevErr
# type: cell
# rows: 1
# columns: 1
# name: <cell-element>
# type: scalar
9999999999

# name: lrnRate
# type: cell
# rows: 1
# columns: 1
# name: <cell-element>
# type: scalar
0.8

# name: lrnStrategy
# type: cell
# rows: 1
# columns: 1
# name: <cell-element>
# type: scalar
3

# name: lrn_A
# type: cell
# rows: 1
# columns: 1
# name: <cell-element>
# type: scalar
0.01

# name: lrn_B
# type: cell
# rows: 1
# columns: 1
# name: <cell-element>
# type: scalar
0.7

# name: lrn_K
# type: cell
# rows: 1
# columns: 1
# name: <cell-element>
# type: scalar
4

# name: alpha
# type: cell
# rows: 1
# columns: 1
# name: <cell-element>
# type: scalar
0.5

# name: momentum
# type: cell
# rows: 1
# columns: 1
# name: <cell-element>
# type: scalar
0

# name: amp
# type: cell
# rows: 1
# columns: 1
# name: <cell-element>
# type: scalar
4

# name: min
# type: cell
# rows: 1
# columns: 1
# name: <cell-element>
# type: scalar
-3.799963607729421

# name: max
# type: cell
# rows: 1
# columns: 1
# name: <cell-element>
# type: scalar
3.79999261289041

# name: trainSet
# type: cell
# rows: 1
# columns: 1
# name: <cell-element>
# type: cell
# rows: 100
# columns: 2
# name: <cell-element>
# type: cell
# rows: 1
# columns: 2
# name: <cell-element>
# type: matrix
# rows: 1
# columns: 2
 0.005 0.003925

# name: <cell-element>
# type: scalar
0.8015971732674207

# name: <cell-element>
# type: cell
# rows: 1
# columns: 2
# name: <cell-element>
# type: matrix
# rows: 1
# columns: 2
 0.003925 0.8015971732674207

# name: <cell-element>
# type: scalar
-0.7732439413804819

# name: <cell-element>
# type: cell
# rows: 1
# columns: 2
# name: <cell-element>
# type: matrix
# rows: 1
# columns: 2
 0.8015971732674207 -0.7732439413804819

# name: <cell-element>
# type: scalar
0.8075969996109261

# name: <cell-element>
# type: cell
# rows: 1
# columns: 2
# name: <cell-element>
# type: matrix
# rows: 1
# columns: 2
 -0.7732439413804819 0.8075969996109261

# name: <cell-element>
# type: scalar
0.7781347463875804

# name: <cell-element>
# type: cell
# rows: 1
# columns: 2
# name: <cell-element>
# type: matrix
# rows: 1
# columns: 2
 0.8075969996109261 0.7781347463875804

# name: <cell-element>
# type: scalar
0.8542031526422144

# name: <cell-element>
# type: cell
# rows: 1
# columns: 2
# name: <cell-element>
# type: matrix
# rows: 1
# columns: 2
 0.7781347463875804 0.8542031526422144

# name: <cell-element>
# type: scalar
0.6088960072584573

# name: <cell-element>
# type: cell
# rows: 1
# columns: 2
# name: <cell-element>
# type: matrix
# rows: 1
# columns: 2
 0.8542031526422144 0.6088960072584573

# name: <cell-element>
# type: scalar
0.8711010145525971

# name: <cell-element>
# type: cell
# rows: 1
# columns: 2
# name: <cell-element>
# type: matrix
# rows: 1
# columns: 2
 0.6088960072584573 0.8711010145525971

# name: <cell-element>
# type: scalar
-0.04636060665405125

# name: <cell-element>
# type: cell
# rows: 1
# columns: 2
