# Created by Octave 3.2.4, Mon Jun 10 10:12:59 2013 ART <marganar@lab99>
# name: pbackpropComp
# type: cell
# rows: 2
# columns: 1
# name: <cell-element>
# type: struct
# length: 21
# name: h
# type: cell
# rows: 1
# columns: 1
# name: <cell-element>
# type: scalar
2

# name: n
# type: cell
# rows: 1
# columns: 1
# name: <cell-element>
# type: scalar
2

# name: m
# type: cell
# rows: 1
# columns: 1
# name: <cell-element>
# type: scalar
9

# name: size
# type: cell
# rows: 1
# columns: 1
# name: <cell-element>
# type: scalar
127

# name: weights
# type: cell
# rows: 1
# columns: 1
# name: <cell-element>
# type: cell
# rows: 3
# columns: 1
# name: <cell-element>
# type: matrix
# rows: 3
# columns: 9
 4.580559559590447 19.72377064794082 -3.499607718653884 4.664466044893204 -10.50036490795076 1.124120974693404 -3.016473402882986 5.354317711968714 11.20602304853715
 -1.015677475141278 15.54284217727041 7.881845883388488 1.571985265402218 15.04314395304522 -7.299873760871325 -6.036524723078288 -11.42736670709986 -3.095078176623629
 0.9950962348081068 -14.26774627568907 -7.967332908509472 6.54582842118064 -4.395743741780034 5.500267405822333 6.010987566221295 0.4155760688803981 10.02989109194604
# name: <cell-element>
# type: matrix
# rows: 10
# columns: 9
 -3.582936701218533 -2.38059799587789 0.08802833519276312 0.2208083788823656 -6.081072446655782 -2.492920876036961 5.852012670161475 4.082954005634376 -5.368284891759526
 -4.52691036958434 -1.514939317148251 -2.484122326555874 0.4620468057073353 -3.010395118365352 -1.983097037090933 -9.122285016709675 -2.820381724286526 2.780953144796193
 3.581018099334202 -1.448263937996829 -1.325782157791351 -0.1302563057568199 4.099212072291746 0.7104848764716566 -1.583578716813752 -5.603652654921374 0.8563882075163416
 -4.546422246054452 0.6018253131258804 0.2130696883216588 0.4771333617059971 -1.322432378092776 -2.283483317660349 0.0192546900786853 0.2201540878290189 -5.722328811879593
 0.3896527799183073 1.223249699977561 4.070681738562143 -4.747805634323785 0.4239862533411891 0.155157675078261 -0.1664417297324714 -2.550543612626077 1.316303907667613
 1.415649617889273 -0.8643008261863201 -2.913183595051781 -0.7891333345437835 4.314712528387433 -1.732946363010602 -2.455538468555977 8.69125993619755 -2.173231953455783
 -0.5413815776305916 3.497951122288965 -0.3432136378536969 2.887890714292283 0.8214380772899144 -0.9260773534638747 -1.681396451126085 2.969448921560736 0.3970465549881544
 -2.844770795942003 -1.856842612008816 0.1248693402096551 0.03181754376431261 2.699009351529256 -0.5309433465446657 -1.988110764494591 -0.01072703508535538 -0.3443497049912634
 1.3394137013337 -1.173999253942404 -1.586527339535121 -3.419499087684608 1.828012636552254 0.2502607385801294 -1.477603499005252 -3.607776736785865 0.05612087440234557
 -0.1635085363666978 2.174408951063788 -1.066695492388468 1.421248098202372 3.467334183696522 -1.798595360664493 6.576485465279362 4.805869544434613 -4.996752050006036
# name: <cell-element>
# type: matrix
# rows: 10
# columns: 1
 -1.743529029002931
 -0.4967618874640323
 -0.8108901818074651
 -0.3569560564748402
 -1.016295734342753
 1.021694584451032
 -0.5721190259701163
 -1.06145479131171
 -2.53076264604858
 -1.439024954865935


# name: lastDWs
# type: cell
# rows: 1
# columns: 1
# name: <cell-element>
# type: cell
# rows: 3
# columns: 1
# name: <cell-element>
# type: matrix
# rows: 3
# columns: 9
 0 0 0 0 0 0 0 0 0
 0 0 0 0 0 0 0 0 0
 0 0 0 0 0 0 0 0 0
# name: <cell-element>
# type: matrix
# rows: 10
# columns: 9
 0 0 0 0 0 0 0 0 0
 0 0 0 0 0 0 0 0 0
 0 0 0 0 0 0 0 0 0
 0 0 0 0 0 0 0 0 0
 0 0 0 0 0 0 0 0 0
 0 0 0 0 0 0 0 0 0
 0 0 0 0 0 0 0 0 0
 0 0 0 0 0 0 0 0 0
 0 0 0 0 0 0 0 0 0
 0 0 0 0 0 0 0 0 0
# name: <cell-element>
# type: matrix
# rows: 10
# columns: 1
 0
 0
 0
 0
 0
 0
 0
 0
 0
 0


# name: out
# type: cell
# rows: 1
# columns: 1
# name: <cell-element>
# type: scalar
1

# name: neurons
# type: cell
# rows: 1
# columns: 1
# name: <cell-element>
# type: cell
# rows: 3
# columns: 1
# name: <cell-element>
# type: struct
# length: 2
# name: deltas
# type: cell
# rows: 1
# columns: 1
# name: <cell-element>
# type: matrix
# rows: 1
# columns: 9
 0 0 0 0 0 0 0 0 0

# name: values
# type: cell
# rows: 1
# columns: 1
# name: <cell-element>
# type: matrix
# rows: 1
# columns: 9
 0 0 0 0 0 0 0 0 0

# name: <cell-element>
# type: struct
# length: 2
# name: deltas
# type: cell
# rows: 1
# columns: 1
# name: <cell-element>
# type: matrix
# rows: 1
# columns: 9
 0 0 0 0 0 0 0 0 0

# name: values
# type: cell
# rows: 1
# columns: 1
# name: <cell-element>
# type: matrix
# rows: 1
# columns: 9
 0 0 0 0 0 0 0 0 0

# name: <cell-element>
# type: struct
# length: 2
# name: deltas
# type: cell
# rows: 1
# columns: 1
# name: <cell-element>
# type: scalar
0

# name: values
# type: cell
# rows: 1
# columns: 1
# name: <cell-element>
# type: scalar
0



# name: count
# type: cell
# rows: 1
# columns: 1
# name: <cell-element>
# type: scalar
0

# name: prevErr
# type: cell
# rows: 1
# columns: 1
# name: <cell-element>
# type: scalar
9999999999

# name: lrnRate
# type: cell
# rows: 1
# columns: 1
# name: <cell-element>
# type: scalar
0.8

# name: lrnStrategy
# type: cell
# rows: 1
# columns: 1
# name: <cell-element>
# type: scalar
3

# name: lrn_A
# type: cell
# rows: 1
# columns: 1
# name: <cell-element>
# type: scalar
0.01

# name: lrn_B
# type: cell
# rows: 1
# columns: 1
# name: <cell-element>
# type: scalar
0.7

# name: lrn_K
# type: cell
# rows: 1
# columns: 1
# name: <cell-element>
# type: scalar
4

# name: alpha
# type: cell
# rows: 1
# columns: 1
# name: <cell-element>
# type: scalar
0.5

# name: momentum
# type: cell
# rows: 1
# columns: 1
# name: <cell-element>
# type: scalar
0

# name: amp
# type: cell
# rows: 1
# columns: 1
# name: <cell-element>
# type: scalar
4

# name: min
# type: cell
# rows: 1
# columns: 1
# name: <cell-element>
# type: scalar
-3.799963607729421

# name: max
# type: cell
# rows: 1
# columns: 1
# name: <cell-element>
# type: scalar
3.79999261289041

# name: trainSet
# type: cell
# rows: 1
# columns: 1
# name: <cell-element>
# type: cell
# rows: 100
# columns: 2
# name: <cell-element>
# type: cell
# rows: 1
# columns: 2
# name: <cell-element>
# type: matrix
# rows: 1
# columns: 2
 0.005 0.003925

# name: <cell-element>
# type: scalar
0.8015971732674207

# name: <cell-element>
# type: cell
# rows: 1
# columns: 2
# name: <cell-element>
# type: matrix
# rows: 1
# columns: 2
 0.003925 0.8015971732674207

# name: <cell-element>
# type: scalar
-0.7732439413804819

# name: <cell-element>
# type: cell
# rows: 1
# columns: 2
# name: <cell-element>
# type: matrix
# rows: 1
# columns: 2
 0.8015971732674207 -0.7732439413804819

# name: <cell-element>
# type: scalar
0.8075969996109261

# name: <cell-element>
# type: cell
# rows: 1
# columns: 2
# name: <cell-element>
# type: matrix
# rows: 1
# columns: 2
 -0.7732439413804819 0.8075969996109261

# name: <cell-element>
# type: scalar
0.7781347463875804

# name: <cell-element>
# type: cell
# rows: 1
# columns: 2
# name: <cell-element>
# type: matrix
# rows: 1
# columns: 2
 0.8075969996109261 0.7781347463875804

# name: <cell-element>
# type: scalar
0.8542031526422144

# name: <cell-element>
# type: cell
# rows: 1
# columns: 2
# name: <cell-element>
# type: matrix
# rows: 1
# columns: 2
 0.7781347463875804 0.8542031526422144

# name: <cell-element>
# type: scalar
0.6088960072584573

# name: <cell-element>
# type: cell
# rows: 1
# columns: 2
# name: <cell-element>
# type: matrix
# rows: 1
# columns: 2
 0.8542031526422144 0.6088960072584573

# name: <cell-element>
# type: scalar
0.8711010145525971

# name: <cell-element>
# type: cell
# rows: 1
# columns: 2
# name: <cell-element>
# type: matrix
# rows: 1
# columns: 2
 0.6088960072584573 0.8711010145525971

# name: <cell-element>
# type: scalar
-0.04636060665405125

# name: <cell-element>
# type: cell
# rows: 1
# columns: 2
