# Created by Octave 3.2.4, Mon Jun 10 10:00:02 2013 ART <marganar@lab99>
# name: pbackpropComp
# type: cell
# rows: 2
# columns: 1
# name: <cell-element>
# type: struct
# length: 21
# name: h
# type: cell
# rows: 1
# columns: 1
# name: <cell-element>
# type: scalar
2

# name: n
# type: cell
# rows: 1
# columns: 1
# name: <cell-element>
# type: scalar
2

# name: m
# type: cell
# rows: 1
# columns: 1
# name: <cell-element>
# type: scalar
9

# name: size
# type: cell
# rows: 1
# columns: 1
# name: <cell-element>
# type: scalar
127

# name: weights
# type: cell
# rows: 1
# columns: 1
# name: <cell-element>
# type: cell
# rows: 3
# columns: 1
# name: <cell-element>
# type: matrix
# rows: 3
# columns: 9
 -2.192117832658515 -13.00095890969382 13.33297407551901 0.1708186322834981 9.983458798482891 2.893815454647401 3.107271476660449 7.714524097142974 25.83074669606772
 18.14632675805782 17.28458185084148 7.679307379885365 0.005637388216063194 -20.6996163865845 6.736696555197134 -2.077302925789769 12.41127345159908 21.18586021777947
 -18.54661559400141 -12.31079928658089 -8.352181236568578 0.8081852588211027 20.04247491132739 -6.093695443399194 0.9874398827884064 -12.62654353914328 -18.76979634897258
# name: <cell-element>
# type: matrix
# rows: 10
# columns: 9
 1.07412071071041 3.376081928915789 3.596371183796458 4.676038809808473 -8.189440848719403 -0.1146253509727752 2.261116132305635 0.7963657661077602 5.118618985309477
 -0.2304781646964775 0.6361055603583089 2.641417356026742 -6.95445982489033 -6.047477673177388 0.9723170592696171 -2.505840603128527 -0.2493340423274079 -1.142752028526258
 5.381634535784174 3.497859707514019 -4.711675210625249 3.325083592946312 0.5913623453614895 -1.607931712897529 -1.396384907719114 1.957443466879662 4.235380907456245
 -3.542776495522497 -0.1100853245959165 -0.9909007983362194 0.7164489092192672 5.500282442029325 3.093189501264868 -1.211268735903783 2.129931076784833 -0.1161259288012497
 0.09200220905731833 1.098809896995838 2.949367911879144 3.779898787019758 -4.3645517212082 0.1123111999476742 0.7375911459586797 -4.263549941215746 0.289145437793158
 0.5955454528939359 0.3806986357780583 -3.081487314706306 0.6160656025781236 0.1339539520029784 -7.942564738763338 -5.380370527833697 1.197369508039429 0.9853255361378492
 -1.836196049120824 2.431232254637978 0.3931521950461955 4.709632436600432 1.821953037703715 -3.893688530378009 -2.103647744942943 2.080479219807323 -2.333654047741027
 1.228365635108842 0.4766266028911308 -0.7164038007343821 -1.539747237988033 0.4400510767555244 4.164869290508666 -5.941357991091497 2.02345446764674 5.008530190483606
 6.51480861896085 -6.102501464769484 -1.437390937541295 0.5723440225248084 2.87016691333756 1.255311175402182 -1.989720766602878 -1.943599598873708 -1.394750022732598
 -2.750161123293324 1.839251894250832 -3.06703370135958 -3.381328611501771 -5.098702493177047 0.03288225642826628 2.529140590750021 3.008819073504231 -4.475799023328119
# name: <cell-element>
# type: matrix
# rows: 10
# columns: 1
 -1.747379603153711
 -1.621944362571679
 0.07140791447398528
 0.2096115456919481
 -0.3092359273751973
 -0.7550639596134819
 1.314854578322201
 1.394975168911437
 1.053080875523936
 -0.2647724126329645


# name: lastDWs
# type: cell
# rows: 1
# columns: 1
# name: <cell-element>
# type: cell
# rows: 3
# columns: 1
# name: <cell-element>
# type: matrix
# rows: 3
# columns: 9
 0 0 0 0 0 0 0 0 0
 0 0 0 0 0 0 0 0 0
 0 0 0 0 0 0 0 0 0
# name: <cell-element>
# type: matrix
# rows: 10
# columns: 9
 0 0 0 0 0 0 0 0 0
 0 0 0 0 0 0 0 0 0
 0 0 0 0 0 0 0 0 0
 0 0 0 0 0 0 0 0 0
 0 0 0 0 0 0 0 0 0
 0 0 0 0 0 0 0 0 0
 0 0 0 0 0 0 0 0 0
 0 0 0 0 0 0 0 0 0
 0 0 0 0 0 0 0 0 0
 0 0 0 0 0 0 0 0 0
# name: <cell-element>
# type: matrix
# rows: 10
# columns: 1
 0
 0
 0
 0
 0
 0
 0
 0
 0
 0


# name: out
# type: cell
# rows: 1
# columns: 1
# name: <cell-element>
# type: scalar
1

# name: neurons
# type: cell
# rows: 1
# columns: 1
# name: <cell-element>
# type: cell
# rows: 3
# columns: 1
# name: <cell-element>
# type: struct
# length: 2
# name: deltas
# type: cell
# rows: 1
# columns: 1
# name: <cell-element>
# type: matrix
# rows: 1
# columns: 9
 0 0 0 0 0 0 0 0 0

# name: values
# type: cell
# rows: 1
# columns: 1
# name: <cell-element>
# type: matrix
# rows: 1
# columns: 9
 0 0 0 0 0 0 0 0 0

# name: <cell-element>
# type: struct
# length: 2
# name: deltas
# type: cell
# rows: 1
# columns: 1
# name: <cell-element>
# type: matrix
# rows: 1
# columns: 9
 0 0 0 0 0 0 0 0 0

# name: values
# type: cell
# rows: 1
# columns: 1
# name: <cell-element>
# type: matrix
# rows: 1
# columns: 9
 0 0 0 0 0 0 0 0 0

# name: <cell-element>
# type: struct
# length: 2
# name: deltas
# type: cell
# rows: 1
# columns: 1
# name: <cell-element>
# type: scalar
0

# name: values
# type: cell
# rows: 1
# columns: 1
# name: <cell-element>
# type: scalar
0



# name: count
# type: cell
# rows: 1
# columns: 1
# name: <cell-element>
# type: scalar
0

# name: prevErr
# type: cell
# rows: 1
# columns: 1
# name: <cell-element>
# type: scalar
9999999999

# name: lrnRate
# type: cell
# rows: 1
# columns: 1
# name: <cell-element>
# type: scalar
0.8

# name: lrnStrategy
# type: cell
# rows: 1
# columns: 1
# name: <cell-element>
# type: scalar
3

# name: lrn_A
# type: cell
# rows: 1
# columns: 1
# name: <cell-element>
# type: scalar
0.01

# name: lrn_B
# type: cell
# rows: 1
# columns: 1
# name: <cell-element>
# type: scalar
0.7

# name: lrn_K
# type: cell
# rows: 1
# columns: 1
# name: <cell-element>
# type: scalar
4

# name: alpha
# type: cell
# rows: 1
# columns: 1
# name: <cell-element>
# type: scalar
0.5

# name: momentum
# type: cell
# rows: 1
# columns: 1
# name: <cell-element>
# type: scalar
0

# name: amp
# type: cell
# rows: 1
# columns: 1
# name: <cell-element>
# type: scalar
4

# name: min
# type: cell
# rows: 1
# columns: 1
# name: <cell-element>
# type: scalar
-3.799963607729421

# name: max
# type: cell
# rows: 1
# columns: 1
# name: <cell-element>
# type: scalar
3.79999261289041

# name: trainSet
# type: cell
# rows: 1
# columns: 1
# name: <cell-element>
# type: cell
# rows: 100
# columns: 2
# name: <cell-element>
# type: cell
# rows: 1
# columns: 2
# name: <cell-element>
# type: matrix
# rows: 1
# columns: 2
 0.005 0.003925

# name: <cell-element>
# type: scalar
0.8015971732674207

# name: <cell-element>
# type: cell
# rows: 1
# columns: 2
# name: <cell-element>
# type: matrix
# rows: 1
# columns: 2
 0.003925 0.8015971732674207

# name: <cell-element>
# type: scalar
-0.7732439413804819

# name: <cell-element>
# type: cell
# rows: 1
# columns: 2
# name: <cell-element>
# type: matrix
# rows: 1
# columns: 2
 0.8015971732674207 -0.7732439413804819

# name: <cell-element>
# type: scalar
0.8075969996109261

# name: <cell-element>
# type: cell
# rows: 1
# columns: 2
# name: <cell-element>
# type: matrix
# rows: 1
# columns: 2
 -0.7732439413804819 0.8075969996109261

# name: <cell-element>
# type: scalar
0.7781347463875804

# name: <cell-element>
# type: cell
# rows: 1
# columns: 2
# name: <cell-element>
# type: matrix
# rows: 1
# columns: 2
 0.8075969996109261 0.7781347463875804

# name: <cell-element>
# type: scalar
0.8542031526422144

# name: <cell-element>
# type: cell
# rows: 1
# columns: 2
# name: <cell-element>
# type: matrix
# rows: 1
# columns: 2
 0.7781347463875804 0.8542031526422144

# name: <cell-element>
# type: scalar
0.6088960072584573

# name: <cell-element>
# type: cell
# rows: 1
# columns: 2
# name: <cell-element>
# type: matrix
# rows: 1
# columns: 2
 0.8542031526422144 0.6088960072584573

# name: <cell-element>
# type: scalar
0.8711010145525971

# name: <cell-element>
# type: cell
# rows: 1
# columns: 2
# name: <cell-element>
# type: matrix
# rows: 1
# columns: 2
 0.6088960072584573 0.8711010145525971

# name: <cell-element>
# type: scalar
-0.04636060665405125

# name: <cell-element>
# type: cell
# rows: 1
# columns: 2
