# Created by Octave 3.2.4, Mon Jun 10 09:43:40 2013 ART <marganar@lab99>
# name: pbackpropComp
# type: cell
# rows: 2
# columns: 1
# name: <cell-element>
# type: struct
# length: 21
# name: h
# type: cell
# rows: 1
# columns: 1
# name: <cell-element>
# type: scalar
2

# name: n
# type: cell
# rows: 1
# columns: 1
# name: <cell-element>
# type: scalar
2

# name: m
# type: cell
# rows: 1
# columns: 1
# name: <cell-element>
# type: scalar
9

# name: size
# type: cell
# rows: 1
# columns: 1
# name: <cell-element>
# type: scalar
127

# name: weights
# type: cell
# rows: 1
# columns: 1
# name: <cell-element>
# type: cell
# rows: 3
# columns: 1
# name: <cell-element>
# type: matrix
# rows: 3
# columns: 9
 -5.204012203657446 5.220887421394885 8.459579129792701 13.55981263753525 24.79521672361772 3.184241110190532 2.936815541024237 -4.794513990098562 -4.010741200113323
 27.27345109676785 9.783565322779165 2.257008596996133 10.67194447378285 -20.76384692542313 -8.5630971608295 -10.63393521454766 12.7474917045917 7.247760208025493
 -17.33581561717657 -9.615715508333251 0.5438249978061641 -9.757035139007783 21.10812428279348 0.2865446132160303 12.83139015003643 0.8237560954623462 -1.760170225434669
# name: <cell-element>
# type: matrix
# rows: 10
# columns: 9
 -1.295392690906632 5.329259269483013 -7.890227773355162 -1.483188916516802 -2.167573433099701 2.515233393179855 -2.096136841943646 -1.407706909645784 -0.06613839507055187
 -1.543384925838793 1.987667161707851 6.791957694433903 -2.217117256117666 4.21776523660595 8.123154229744809 -1.364506222026982 -1.404702463333926 3.027753574832742
 -0.6586619155712196 4.351598311857297 -0.8871928250452049 3.806957813528926 4.540691040083918 -4.860722565202725 -0.1192273843230799 5.581454849940587 0.4558960271467289
 1.826711567080999 -6.424323797774185 -0.1786755319599219 -10.37146537325214 -2.376591696282569 -3.668545422581994 2.349634461462365 0.374927654288901 -0.6105902431605628
 2.948671045948626 -2.390802326536356 1.246115940710596 -2.804697185022448 2.876497228365326 2.417977352785186 0.01756245664179324 -2.593331668458531 0.4150581512840616
 -1.225514662206874 1.016552232459273 6.191489228533972 4.787394966704231 2.838634782385394 2.642677428762373 2.650345708335398 -2.168443440501888 0.1646951066622477
 -1.800600796861028 -0.7176721107319215 1.345937392592883 0.1530790435356805 4.830173321130394 2.112401507483192 -3.516381948510627 1.806197879420657 1.197971042947391
 0.4509960483269329 5.994721886592949 5.026254728636578 1.281670263060202 0.1850346709834155 -0.6468646083319228 -0.3148584244286162 5.060508759984499 3.84915492589413
 -1.195038635671225 -2.099135848502607 -2.591053261855731 -0.1068159236126196 -3.29455878202021 -5.303370999876279 -1.240141549327867 -0.7668278209082233 -0.9399476630750944
 2.030926825885247 1.440843224333998 1.159771547862611 -2.153347019228944 -3.536708606737528 -1.35578980232533 2.07134599627704 -1.339975492549589 2.000469690891904
# name: <cell-element>
# type: matrix
# rows: 10
# columns: 1
 -1.854151154363173
 0.2218679467615361
 -0.7584265315516198
 0.2452979136145644
 -1.090059082182118
 1.006149130812149
 0.9629444340182854
 0.1467513401242654
 -0.8952416223053974
 -0.07980473231520023


# name: lastDWs
# type: cell
# rows: 1
# columns: 1
# name: <cell-element>
# type: cell
# rows: 3
# columns: 1
# name: <cell-element>
# type: matrix
# rows: 3
# columns: 9
 0 0 0 0 0 0 0 0 0
 0 0 0 0 0 0 0 0 0
 0 0 0 0 0 0 0 0 0
# name: <cell-element>
# type: matrix
# rows: 10
# columns: 9
 0 0 0 0 0 0 0 0 0
 0 0 0 0 0 0 0 0 0
 0 0 0 0 0 0 0 0 0
 0 0 0 0 0 0 0 0 0
 0 0 0 0 0 0 0 0 0
 0 0 0 0 0 0 0 0 0
 0 0 0 0 0 0 0 0 0
 0 0 0 0 0 0 0 0 0
 0 0 0 0 0 0 0 0 0
 0 0 0 0 0 0 0 0 0
# name: <cell-element>
# type: matrix
# rows: 10
# columns: 1
 0
 0
 0
 0
 0
 0
 0
 0
 0
 0


# name: out
# type: cell
# rows: 1
# columns: 1
# name: <cell-element>
# type: scalar
1

# name: neurons
# type: cell
# rows: 1
# columns: 1
# name: <cell-element>
# type: cell
# rows: 3
# columns: 1
# name: <cell-element>
# type: struct
# length: 2
# name: deltas
# type: cell
# rows: 1
# columns: 1
# name: <cell-element>
# type: matrix
# rows: 1
# columns: 9
 0 0 0 0 0 0 0 0 0

# name: values
# type: cell
# rows: 1
# columns: 1
# name: <cell-element>
# type: matrix
# rows: 1
# columns: 9
 0 0 0 0 0 0 0 0 0

# name: <cell-element>
# type: struct
# length: 2
# name: deltas
# type: cell
# rows: 1
# columns: 1
# name: <cell-element>
# type: matrix
# rows: 1
# columns: 9
 0 0 0 0 0 0 0 0 0

# name: values
# type: cell
# rows: 1
# columns: 1
# name: <cell-element>
# type: matrix
# rows: 1
# columns: 9
 0 0 0 0 0 0 0 0 0

# name: <cell-element>
# type: struct
# length: 2
# name: deltas
# type: cell
# rows: 1
# columns: 1
# name: <cell-element>
# type: scalar
0

# name: values
# type: cell
# rows: 1
# columns: 1
# name: <cell-element>
# type: scalar
0



# name: count
# type: cell
# rows: 1
# columns: 1
# name: <cell-element>
# type: scalar
0

# name: prevErr
# type: cell
# rows: 1
# columns: 1
# name: <cell-element>
# type: scalar
9999999999

# name: lrnRate
# type: cell
# rows: 1
# columns: 1
# name: <cell-element>
# type: scalar
0.8

# name: lrnStrategy
# type: cell
# rows: 1
# columns: 1
# name: <cell-element>
# type: scalar
3

# name: lrn_A
# type: cell
# rows: 1
# columns: 1
# name: <cell-element>
# type: scalar
0.01

# name: lrn_B
# type: cell
# rows: 1
# columns: 1
# name: <cell-element>
# type: scalar
0.7

# name: lrn_K
# type: cell
# rows: 1
# columns: 1
# name: <cell-element>
# type: scalar
4

# name: alpha
# type: cell
# rows: 1
# columns: 1
# name: <cell-element>
# type: scalar
0.5

# name: momentum
# type: cell
# rows: 1
# columns: 1
# name: <cell-element>
# type: scalar
0

# name: amp
# type: cell
# rows: 1
# columns: 1
# name: <cell-element>
# type: scalar
4

# name: min
# type: cell
# rows: 1
# columns: 1
# name: <cell-element>
# type: scalar
-3.799963607729421

# name: max
# type: cell
# rows: 1
# columns: 1
# name: <cell-element>
# type: scalar
3.79999261289041

# name: trainSet
# type: cell
# rows: 1
# columns: 1
# name: <cell-element>
# type: cell
# rows: 100
# columns: 2
# name: <cell-element>
# type: cell
# rows: 1
# columns: 2
# name: <cell-element>
# type: matrix
# rows: 1
# columns: 2
 0.005 0.003925

# name: <cell-element>
# type: scalar
0.8015971732674207

# name: <cell-element>
# type: cell
# rows: 1
# columns: 2
# name: <cell-element>
# type: matrix
# rows: 1
# columns: 2
 0.003925 0.8015971732674207

# name: <cell-element>
# type: scalar
-0.7732439413804819

# name: <cell-element>
# type: cell
# rows: 1
# columns: 2
# name: <cell-element>
# type: matrix
# rows: 1
# columns: 2
 0.8015971732674207 -0.7732439413804819

# name: <cell-element>
# type: scalar
0.8075969996109261

# name: <cell-element>
# type: cell
# rows: 1
# columns: 2
# name: <cell-element>
# type: matrix
# rows: 1
# columns: 2
 -0.7732439413804819 0.8075969996109261

# name: <cell-element>
# type: scalar
0.7781347463875804

# name: <cell-element>
# type: cell
# rows: 1
# columns: 2
# name: <cell-element>
# type: matrix
# rows: 1
# columns: 2
 0.8075969996109261 0.7781347463875804

# name: <cell-element>
# type: scalar
0.8542031526422144

# name: <cell-element>
# type: cell
# rows: 1
# columns: 2
# name: <cell-element>
# type: matrix
# rows: 1
# columns: 2
 0.7781347463875804 0.8542031526422144

# name: <cell-element>
# type: scalar
0.6088960072584573

# name: <cell-element>
# type: cell
# rows: 1
# columns: 2
# name: <cell-element>
# type: matrix
# rows: 1
# columns: 2
 0.8542031526422144 0.6088960072584573

# name: <cell-element>
# type: scalar
0.8711010145525971

# name: <cell-element>
# type: cell
# rows: 1
# columns: 2
# name: <cell-element>
# type: matrix
# rows: 1
# columns: 2
 0.6088960072584573 0.8711010145525971

# name: <cell-element>
# type: scalar
-0.04636060665405125

# name: <cell-element>
# type: cell
# rows: 1
# columns: 2
