# Created by Octave 3.2.4, Mon Jun 10 09:44:58 2013 ART <marganar@lab99>
# name: pbackpropComp
# type: cell
# rows: 2
# columns: 1
# name: <cell-element>
# type: struct
# length: 21
# name: h
# type: cell
# rows: 1
# columns: 1
# name: <cell-element>
# type: scalar
2

# name: n
# type: cell
# rows: 1
# columns: 1
# name: <cell-element>
# type: scalar
2

# name: m
# type: cell
# rows: 1
# columns: 1
# name: <cell-element>
# type: scalar
9

# name: size
# type: cell
# rows: 1
# columns: 1
# name: <cell-element>
# type: scalar
127

# name: weights
# type: cell
# rows: 1
# columns: 1
# name: <cell-element>
# type: cell
# rows: 3
# columns: 1
# name: <cell-element>
# type: matrix
# rows: 3
# columns: 9
 -7.236564268585609 -3.301472771448761 5.28003005600138 -13.05948573208042 -7.400745621993207 -0.8915190377882299 9.013946040905067 -13.02870386063452 6.519733967199818
 8.287539081342514 2.381342245960668 -12.7127215149833 -6.360706294115125 -13.84226087420693 11.96332424827977 -2.513167054560632 -10.17797774516747 3.101517917899717
 -6.898461120785427 -0.7818270603539453 12.90746030596319 1.369610908894637 13.32035546999458 -12.04742151567517 7.693192452496025 9.256188474795584 -0.1512947865990186
# name: <cell-element>
# type: matrix
# rows: 10
# columns: 9
 -1.120502519950627 -3.770613405142588 -0.2605889996184182 -0.3096253786183731 -7.928991920649099 -5.417950583399372 -4.598847049943197 6.294557128843102 0.5573647715215065
 -5.275828589114075 -0.7007809044530843 4.347889601352549 -0.9161908167981425 2.232040992644627 2.388789556941386 -0.186121772102287 3.383617690456611 3.349493562739737
 2.929789517176461 -5.61112705833374 -2.926391348052536 1.089138547683925 -4.048060053021456 2.612849993434512 -3.681176679937857 3.028155916638065 -2.410199653380114
 -3.809532761210004 -4.691727121859127 4.95509800790385 -3.228850221887576 -1.999309948393853 0.3534204532549016 2.602597073901128 -0.4783108035005984 -3.587305360064476
 -1.633728379433415 -2.537617207366878 3.823104198473851 -0.6015222763047191 -1.462139615521729 1.123624169469803 3.609729907124405 4.44909771788852 2.715966769923976
 0.3229796665377261 0.8200100521317895 -3.113476958949928 7.308165988696858 -0.04105225885799193 2.325966051771189 -3.607816183323249 -2.612088435114522 2.892586875910753
 -0.6516057656841091 -0.2846993108957404 2.678676902519 7.213380588954633 -2.197040628907772 2.860179184469728 -1.242489968971301 -4.732352820423335 -6.090890525620321
 -1.491424437092514 2.397592245373611 -0.7085316426022654 0.680979286637594 1.881935404472347 3.501002950650383 -5.901423971683161 4.291046004785552 0.3065413632880332
 0.1163455591316509 2.266322376130181 2.766939044041866 -1.593318564334407 0.5620899007684841 -0.6530977075828118 4.286086528625034 4.06988519090507 -4.207453103209353
 3.20787713558003 -3.921855241713181 4.900364125961135 1.946818405149407 1.757627693186414 2.051817859430747 8.479205760922982 1.335372125347583 -1.559559697546318
# name: <cell-element>
# type: matrix
# rows: 10
# columns: 1
 -1.338886238481007
 0.4990126584682907
 -0.3088890909550595
 -1.313923506697833
 0.6843834304606367
 -0.4967894547519499
 -0.3551122873263831
 -0.4550717638365603
 -0.8129558584368755
 -0.1343774814842064


# name: lastDWs
# type: cell
# rows: 1
# columns: 1
# name: <cell-element>
# type: cell
# rows: 3
# columns: 1
# name: <cell-element>
# type: matrix
# rows: 3
# columns: 9
 0 0 0 0 0 0 0 0 0
 0 0 0 0 0 0 0 0 0
 0 0 0 0 0 0 0 0 0
# name: <cell-element>
# type: matrix
# rows: 10
# columns: 9
 0 0 0 0 0 0 0 0 0
 0 0 0 0 0 0 0 0 0
 0 0 0 0 0 0 0 0 0
 0 0 0 0 0 0 0 0 0
 0 0 0 0 0 0 0 0 0
 0 0 0 0 0 0 0 0 0
 0 0 0 0 0 0 0 0 0
 0 0 0 0 0 0 0 0 0
 0 0 0 0 0 0 0 0 0
 0 0 0 0 0 0 0 0 0
# name: <cell-element>
# type: matrix
# rows: 10
# columns: 1
 0
 0
 0
 0
 0
 0
 0
 0
 0
 0


# name: out
# type: cell
# rows: 1
# columns: 1
# name: <cell-element>
# type: scalar
1

# name: neurons
# type: cell
# rows: 1
# columns: 1
# name: <cell-element>
# type: cell
# rows: 3
# columns: 1
# name: <cell-element>
# type: struct
# length: 2
# name: deltas
# type: cell
# rows: 1
# columns: 1
# name: <cell-element>
# type: matrix
# rows: 1
# columns: 9
 0 0 0 0 0 0 0 0 0

# name: values
# type: cell
# rows: 1
# columns: 1
# name: <cell-element>
# type: matrix
# rows: 1
# columns: 9
 0 0 0 0 0 0 0 0 0

# name: <cell-element>
# type: struct
# length: 2
# name: deltas
# type: cell
# rows: 1
# columns: 1
# name: <cell-element>
# type: matrix
# rows: 1
# columns: 9
 0 0 0 0 0 0 0 0 0

# name: values
# type: cell
# rows: 1
# columns: 1
# name: <cell-element>
# type: matrix
# rows: 1
# columns: 9
 0 0 0 0 0 0 0 0 0

# name: <cell-element>
# type: struct
# length: 2
# name: deltas
# type: cell
# rows: 1
# columns: 1
# name: <cell-element>
# type: scalar
0

# name: values
# type: cell
# rows: 1
# columns: 1
# name: <cell-element>
# type: scalar
0



# name: count
# type: cell
# rows: 1
# columns: 1
# name: <cell-element>
# type: scalar
0

# name: prevErr
# type: cell
# rows: 1
# columns: 1
# name: <cell-element>
# type: scalar
9999999999

# name: lrnRate
# type: cell
# rows: 1
# columns: 1
# name: <cell-element>
# type: scalar
0.8

# name: lrnStrategy
# type: cell
# rows: 1
# columns: 1
# name: <cell-element>
# type: scalar
3

# name: lrn_A
# type: cell
# rows: 1
# columns: 1
# name: <cell-element>
# type: scalar
0.01

# name: lrn_B
# type: cell
# rows: 1
# columns: 1
# name: <cell-element>
# type: scalar
0.7

# name: lrn_K
# type: cell
# rows: 1
# columns: 1
# name: <cell-element>
# type: scalar
4

# name: alpha
# type: cell
# rows: 1
# columns: 1
# name: <cell-element>
# type: scalar
0.5

# name: momentum
# type: cell
# rows: 1
# columns: 1
# name: <cell-element>
# type: scalar
0

# name: amp
# type: cell
# rows: 1
# columns: 1
# name: <cell-element>
# type: scalar
4

# name: min
# type: cell
# rows: 1
# columns: 1
# name: <cell-element>
# type: scalar
-3.799963607729421

# name: max
# type: cell
# rows: 1
# columns: 1
# name: <cell-element>
# type: scalar
3.79999261289041

# name: trainSet
# type: cell
# rows: 1
# columns: 1
# name: <cell-element>
# type: cell
# rows: 100
# columns: 2
# name: <cell-element>
# type: cell
# rows: 1
# columns: 2
# name: <cell-element>
# type: matrix
# rows: 1
# columns: 2
 0.005 0.003925

# name: <cell-element>
# type: scalar
0.8015971732674207

# name: <cell-element>
# type: cell
# rows: 1
# columns: 2
# name: <cell-element>
# type: matrix
# rows: 1
# columns: 2
 0.003925 0.8015971732674207

# name: <cell-element>
# type: scalar
-0.7732439413804819

# name: <cell-element>
# type: cell
# rows: 1
# columns: 2
# name: <cell-element>
# type: matrix
# rows: 1
# columns: 2
 0.8015971732674207 -0.7732439413804819

# name: <cell-element>
# type: scalar
0.8075969996109261

# name: <cell-element>
# type: cell
# rows: 1
# columns: 2
# name: <cell-element>
# type: matrix
# rows: 1
# columns: 2
 -0.7732439413804819 0.8075969996109261

# name: <cell-element>
# type: scalar
0.7781347463875804

# name: <cell-element>
# type: cell
# rows: 1
# columns: 2
# name: <cell-element>
# type: matrix
# rows: 1
# columns: 2
 0.8075969996109261 0.7781347463875804

# name: <cell-element>
# type: scalar
0.8542031526422144

# name: <cell-element>
# type: cell
# rows: 1
# columns: 2
# name: <cell-element>
# type: matrix
# rows: 1
# columns: 2
 0.7781347463875804 0.8542031526422144

# name: <cell-element>
# type: scalar
0.6088960072584573

# name: <cell-element>
# type: cell
# rows: 1
# columns: 2
# name: <cell-element>
# type: matrix
# rows: 1
# columns: 2
 0.8542031526422144 0.6088960072584573

# name: <cell-element>
# type: scalar
0.8711010145525971

# name: <cell-element>
# type: cell
# rows: 1
# columns: 2
# name: <cell-element>
# type: matrix
# rows: 1
# columns: 2
 0.6088960072584573 0.8711010145525971

# name: <cell-element>
# type: scalar
-0.04636060665405125

# name: <cell-element>
# type: cell
# rows: 1
# columns: 2
