# Created by Octave 3.2.4, Sun Jun 09 17:41:09 2013 ART <kkenny@lab102>
# name: pmutComp
# type: cell
# rows: 2
# columns: 1
# name: <cell-element>
# type: struct
# length: 21
# name: h
# type: cell
# rows: 1
# columns: 1
# name: <cell-element>
# type: scalar
2

# name: n
# type: cell
# rows: 1
# columns: 1
# name: <cell-element>
# type: scalar
2

# name: m
# type: cell
# rows: 1
# columns: 1
# name: <cell-element>
# type: scalar
9

# name: size
# type: cell
# rows: 1
# columns: 1
# name: <cell-element>
# type: scalar
127

# name: weights
# type: cell
# rows: 1
# columns: 1
# name: <cell-element>
# type: cell
# rows: 3
# columns: 1
# name: <cell-element>
# type: matrix
# rows: 3
# columns: 9
 -6.754991088414402 5.37165710473183 6.444027389359263 2.397179378760637 -5.829113581179468 -5.942711249652243 -12.07804129146683 4.540807164254584 -3.96926757968932
 -9.761577368825044 -6.496604211908385 -6.948057588696297 1.9282167280855 -10.4221854655163 -7.231685668522528 -17.27409575832947 -21.46745003379193 -19.53171590650718
 -11.40847651160942 -13.44574290953209 5.166677641590664 13.80337578822686 10.01966357622238 -17.52239798199254 3.252526319998262 19.70847308493808 1.530174600347645
# name: <cell-element>
# type: matrix
# rows: 10
# columns: 9
 -4.284178403012151 2.977467918184335 -3.015358870170928 0.8834442301789869 6.979704782930556 1.888261236242937 -11.39474780523858 -1.819294249888965 1.564911443378129
 2.000012132841021 2.373282017608095 -1.843646367226505 -1.618095033204489 0.5226451809329787 3.397606969875025 -4.339141651640052 -0.4698142645100343 1.287740521985143
 3.267573421985003 -2.702414250719823 1.966804812997006 -2.616767179359392 3.709964743117159 -0.9930592188311119 0.4844882640082022 0.2691018762388829 -1.382750333269781
 4.136190101112656 -4.089775350829663 -0.2893219842997667 -0.6659892998709636 -4.659125272732873 -0.5037837419284579 2.121623632189511 -5.193235911537214 -4.114073845915175
 6.248105318420754 -1.888915119347634 -1.669338788385559 2.912192853155876 3.210299413858123 -1.264805920762395 2.788167846077873 -1.023307451667347 -1.054016923819464
 0.9670689788261253 0.4570572217797921 2.408518004987679 -2.408841355071312 6.226804314699588 -2.543364529812955 -6.349872548254042 -1.659992996168197 2.997848506015889
 2.071704646890307 -6.799958597398423 -2.336999853571922 7.073211023635407 1.002910432819156 -1.300560568330913 1.564980548103326 2.089793806947721 2.095948814002992
 -3.50023818035607 -1.688992962822113 -6.757347159251307 -2.536536326963514 2.108865885238131 0.1292187629093583 -2.272099595298692 0.8658641565843326 -0.7360316646528667
 -0.1319355411746269 -1.012392707219471 -3.26907444153587 2.338454848053599 -3.520717509447327 -8.387434405158409 5.017141317123765 6.720538916452506 3.853727806462688
 -2.672961605123278 6.288511341418117 5.123229560175464 2.413344308968677 2.222940504393656 2.622836196449871 0.6642931775687734 -3.931651896004614 -2.150922016468049
# name: <cell-element>
# type: matrix
# rows: 10
# columns: 1
 -1.332313478187222
 1.959535398458845
 -0.8593773709512342
 0.2154168991340652
 0.1129738105492073
 0.7366934097902248
 0.05407123701172076
 -1.12310212726675
 -1.116520468927765
 0.8264879928291583


# name: lastDWs
# type: cell
# rows: 1
# columns: 1
# name: <cell-element>
# type: cell
# rows: 3
# columns: 1
# name: <cell-element>
# type: matrix
# rows: 3
# columns: 9
 0 0 0 0 0 0 0 0 0
 0 0 0 0 0 0 0 0 0
 0 0 0 0 0 0 0 0 0
# name: <cell-element>
# type: matrix
# rows: 10
# columns: 9
 0 0 0 0 0 0 0 0 0
 0 0 0 0 0 0 0 0 0
 0 0 0 0 0 0 0 0 0
 0 0 0 0 0 0 0 0 0
 0 0 0 0 0 0 0 0 0
 0 0 0 0 0 0 0 0 0
 0 0 0 0 0 0 0 0 0
 0 0 0 0 0 0 0 0 0
 0 0 0 0 0 0 0 0 0
 0 0 0 0 0 0 0 0 0
# name: <cell-element>
# type: matrix
# rows: 10
# columns: 1
 0
 0
 0
 0
 0
 0
 0
 0
 0
 0


# name: out
# type: cell
# rows: 1
# columns: 1
# name: <cell-element>
# type: scalar
1

# name: neurons
# type: cell
# rows: 1
# columns: 1
# name: <cell-element>
# type: cell
# rows: 3
# columns: 1
# name: <cell-element>
# type: struct
# length: 2
# name: deltas
# type: cell
# rows: 1
# columns: 1
# name: <cell-element>
# type: matrix
# rows: 1
# columns: 9
 0 0 0 0 0 0 0 0 0

# name: values
# type: cell
# rows: 1
# columns: 1
# name: <cell-element>
# type: matrix
# rows: 1
# columns: 9
 0 0 0 0 0 0 0 0 0

# name: <cell-element>
# type: struct
# length: 2
# name: deltas
# type: cell
# rows: 1
# columns: 1
# name: <cell-element>
# type: matrix
# rows: 1
# columns: 9
 0 0 0 0 0 0 0 0 0

# name: values
# type: cell
# rows: 1
# columns: 1
# name: <cell-element>
# type: matrix
# rows: 1
# columns: 9
 0 0 0 0 0 0 0 0 0

# name: <cell-element>
# type: struct
# length: 2
# name: deltas
# type: cell
# rows: 1
# columns: 1
# name: <cell-element>
# type: scalar
0

# name: values
# type: cell
# rows: 1
# columns: 1
# name: <cell-element>
# type: scalar
0



# name: count
# type: cell
# rows: 1
# columns: 1
# name: <cell-element>
# type: scalar
0

# name: prevErr
# type: cell
# rows: 1
# columns: 1
# name: <cell-element>
# type: scalar
9999999999

# name: lrnRate
# type: cell
# rows: 1
# columns: 1
# name: <cell-element>
# type: scalar
0.8

# name: lrnStrategy
# type: cell
# rows: 1
# columns: 1
# name: <cell-element>
# type: scalar
3

# name: lrn_A
# type: cell
# rows: 1
# columns: 1
# name: <cell-element>
# type: scalar
0.01

# name: lrn_B
# type: cell
# rows: 1
# columns: 1
# name: <cell-element>
# type: scalar
0.7

# name: lrn_K
# type: cell
# rows: 1
# columns: 1
# name: <cell-element>
# type: scalar
4

# name: alpha
# type: cell
# rows: 1
# columns: 1
# name: <cell-element>
# type: scalar
0.5

# name: momentum
# type: cell
# rows: 1
# columns: 1
# name: <cell-element>
# type: scalar
0

# name: amp
# type: cell
# rows: 1
# columns: 1
# name: <cell-element>
# type: scalar
4

# name: min
# type: cell
# rows: 1
# columns: 1
# name: <cell-element>
# type: scalar
-3.799963607729421

# name: max
# type: cell
# rows: 1
# columns: 1
# name: <cell-element>
# type: scalar
3.79999261289041

# name: trainSet
# type: cell
# rows: 1
# columns: 1
# name: <cell-element>
# type: cell
# rows: 100
# columns: 2
# name: <cell-element>
# type: cell
# rows: 1
# columns: 2
# name: <cell-element>
# type: matrix
# rows: 1
# columns: 2
 0.005 0.003925

# name: <cell-element>
# type: scalar
0.8015971732674207

# name: <cell-element>
# type: cell
# rows: 1
# columns: 2
# name: <cell-element>
# type: matrix
# rows: 1
# columns: 2
 0.003925 0.8015971732674207

# name: <cell-element>
# type: scalar
-0.7732439413804819

# name: <cell-element>
# type: cell
# rows: 1
# columns: 2
# name: <cell-element>
# type: matrix
# rows: 1
# columns: 2
 0.8015971732674207 -0.7732439413804819

# name: <cell-element>
# type: scalar
0.8075969996109261

# name: <cell-element>
# type: cell
# rows: 1
# columns: 2
# name: <cell-element>
# type: matrix
# rows: 1
# columns: 2
 -0.7732439413804819 0.8075969996109261

# name: <cell-element>
# type: scalar
0.7781347463875804

# name: <cell-element>
# type: cell
# rows: 1
# columns: 2
# name: <cell-element>
# type: matrix
# rows: 1
# columns: 2
 0.8075969996109261 0.7781347463875804

# name: <cell-element>
# type: scalar
0.8542031526422144

# name: <cell-element>
# type: cell
# rows: 1
# columns: 2
# name: <cell-element>
# type: matrix
# rows: 1
# columns: 2
 0.7781347463875804 0.8542031526422144

# name: <cell-element>
# type: scalar
0.6088960072584573

# name: <cell-element>
# type: cell
# rows: 1
# columns: 2
# name: <cell-element>
# type: matrix
# rows: 1
# columns: 2
 0.8542031526422144 0.6088960072584573

# name: <cell-element>
# type: scalar
0.8711010145525971

# name: <cell-element>
# type: cell
# rows: 1
# columns: 2
# name: <cell-element>
# type: matrix
# rows: 1
# columns: 2
 0.6088960072584573 0.8711010145525971

# name: <cell-element>
# type: scalar
-0.04636060665405125

# name: <cell-element>
# type: cell
# rows: 1
# columns: 2
# name: <cell-element>
# type: matrix
# rows: 1
# columns: 2
 0.8711010145525971 -0.04636060665405125

