# Created by Octave 3.2.4, Mon Jun 10 10:43:45 2013 ART <marganar@lab99>
# name: selMixCriteriaComp
# type: cell
# rows: 2
# columns: 1
# name: <cell-element>
# type: struct
# length: 21
# name: h
# type: cell
# rows: 1
# columns: 1
# name: <cell-element>
# type: scalar
2

# name: n
# type: cell
# rows: 1
# columns: 1
# name: <cell-element>
# type: scalar
2

# name: m
# type: cell
# rows: 1
# columns: 1
# name: <cell-element>
# type: scalar
9

# name: size
# type: cell
# rows: 1
# columns: 1
# name: <cell-element>
# type: scalar
127

# name: weights
# type: cell
# rows: 1
# columns: 1
# name: <cell-element>
# type: cell
# rows: 3
# columns: 1
# name: <cell-element>
# type: matrix
# rows: 3
# columns: 9
 -4.189761062233777 2.329452848568854 -2.085739159966305 6.935421886399465 5.780968897803009 2.320511372958291 23.23628274028717 9.644475612425429 -6.248541722707743
 -8.594791578293798 -10.6636097303621 2.328641456597225 -8.865553506893772 -3.391066843491063 -1.144260782735459 7.294226972941324 6.947786749169821 -2.076407071347217
 7.699604824260232 10.37616124505535 -4.016536980000817 4.777760526005878 2.337119743912559 8.796708423538229 -0.8600899658690474 -6.643656859383941 -3.468601130603419
# name: <cell-element>
# type: matrix
# rows: 10
# columns: 9
 -2.939374680614373 -2.841091220155506 -0.5878046936455089 1.4507839524769 12.26973598639937 0.5723316541084027 2.745440140549952 -4.112529303977834 -7.608736986602608
 -5.597859890682089 -2.285217502812886 -1.734511618414862 5.774516583325515 -3.454669847710195 5.97297460493037 3.231901442946432 2.656425344716143 -2.448589050906996
 -0.4513243091420734 1.363603812489274 -0.8160606196140912 -1.638424839253915 0.6141543211599173 -4.10517257372746 -3.827526308146978 -1.039179526879133 -4.88152427532269
 2.758860701707864 -1.885201084474191 -0.5680262102152818 2.910393199019072 1.705319334119872 -3.824341714576905 -2.935900995359856 0.5873282773421912 -0.1019522756993424
 4.789493106696981 1.034366045061414 2.309312696730037 1.658877259198714 -0.8469586719454035 -2.262052270840916 -3.921945124708874 2.913604663512517 3.064332541376939
 -6.789071927905992 2.400380290083901 1.014180764100574 -2.968289785848305 -0.3079970425874226 5.666394971062187 -2.852354291847709 -3.793584239846714 -5.836048750031593
 4.647560261051138 -1.884903388029139 2.346954641321986 -1.745980064455894 0.07413162871575797 -0.4205469569540923 0.1407422089640254 -1.03198700573102 3.502909220874871
 6.80705383867083 0.2582740399498261 2.045548643799604 2.927075132987464 -1.670346130484046 -0.893895690114121 -2.025284898485312 3.528266424152776 9.626273851406506
 -0.3337469855990189 -3.173666210784728 0.9705272702824368 -0.6119556262695868 -3.741921045565703 0.6660771561600826 1.572497630002042 2.357954245893535 -1.747023510550464
 1.708513426166313 -0.2855514230733611 3.986886955754523 -4.381435664369756 1.757422079964228 0.04270633154344652 -3.42242965900384 -2.051744022417116 0.7067174932552441
# name: <cell-element>
# type: matrix
# rows: 10
# columns: 1
 1.501041653853344
 0.7926660020983294
 -0.4751701755248148
 0.5283663678820285
 1.005240105822552
 -2.214187457945414
 -0.1983235784843131
 0.2398509890477472
 1.172177096458362
 0.9752812477547919


# name: lastDWs
# type: cell
# rows: 1
# columns: 1
# name: <cell-element>
# type: cell
# rows: 3
# columns: 1
# name: <cell-element>
# type: matrix
# rows: 3
# columns: 9
 0 0 0 0 0 0 0 0 0
 0 0 0 0 0 0 0 0 0
 0 0 0 0 0 0 0 0 0
# name: <cell-element>
# type: matrix
# rows: 10
# columns: 9
 0 0 0 0 0 0 0 0 0
 0 0 0 0 0 0 0 0 0
 0 0 0 0 0 0 0 0 0
 0 0 0 0 0 0 0 0 0
 0 0 0 0 0 0 0 0 0
 0 0 0 0 0 0 0 0 0
 0 0 0 0 0 0 0 0 0
 0 0 0 0 0 0 0 0 0
 0 0 0 0 0 0 0 0 0
 0 0 0 0 0 0 0 0 0
# name: <cell-element>
# type: matrix
# rows: 10
# columns: 1
 0
 0
 0
 0
 0
 0
 0
 0
 0
 0


# name: out
# type: cell
# rows: 1
# columns: 1
# name: <cell-element>
# type: scalar
1

# name: neurons
# type: cell
# rows: 1
# columns: 1
# name: <cell-element>
# type: cell
# rows: 3
# columns: 1
# name: <cell-element>
# type: struct
# length: 2
# name: deltas
# type: cell
# rows: 1
# columns: 1
# name: <cell-element>
# type: matrix
# rows: 1
# columns: 9
 0 0 0 0 0 0 0 0 0

# name: values
# type: cell
# rows: 1
# columns: 1
# name: <cell-element>
# type: matrix
# rows: 1
# columns: 9
 0 0 0 0 0 0 0 0 0

# name: <cell-element>
# type: struct
# length: 2
# name: deltas
# type: cell
# rows: 1
# columns: 1
# name: <cell-element>
# type: matrix
# rows: 1
# columns: 9
 0 0 0 0 0 0 0 0 0

# name: values
# type: cell
# rows: 1
# columns: 1
# name: <cell-element>
# type: matrix
# rows: 1
# columns: 9
 0 0 0 0 0 0 0 0 0

# name: <cell-element>
# type: struct
# length: 2
# name: deltas
# type: cell
# rows: 1
# columns: 1
# name: <cell-element>
# type: scalar
0

# name: values
# type: cell
# rows: 1
# columns: 1
# name: <cell-element>
# type: scalar
0



# name: count
# type: cell
# rows: 1
# columns: 1
# name: <cell-element>
# type: scalar
0

# name: prevErr
# type: cell
# rows: 1
# columns: 1
# name: <cell-element>
# type: scalar
9999999999

# name: lrnRate
# type: cell
# rows: 1
# columns: 1
# name: <cell-element>
# type: scalar
0.8

# name: lrnStrategy
# type: cell
# rows: 1
# columns: 1
# name: <cell-element>
# type: scalar
3

# name: lrn_A
# type: cell
# rows: 1
# columns: 1
# name: <cell-element>
# type: scalar
0.01

# name: lrn_B
# type: cell
# rows: 1
# columns: 1
# name: <cell-element>
# type: scalar
0.7

# name: lrn_K
# type: cell
# rows: 1
# columns: 1
# name: <cell-element>
# type: scalar
4

# name: alpha
# type: cell
# rows: 1
# columns: 1
# name: <cell-element>
# type: scalar
0.5

# name: momentum
# type: cell
# rows: 1
# columns: 1
# name: <cell-element>
# type: scalar
0

# name: amp
# type: cell
# rows: 1
# columns: 1
# name: <cell-element>
# type: scalar
4

# name: min
# type: cell
# rows: 1
# columns: 1
# name: <cell-element>
# type: scalar
-3.799963607729421

# name: max
# type: cell
# rows: 1
# columns: 1
# name: <cell-element>
# type: scalar
3.79999261289041

# name: trainSet
# type: cell
# rows: 1
# columns: 1
# name: <cell-element>
# type: cell
# rows: 100
# columns: 2
# name: <cell-element>
# type: cell
# rows: 1
# columns: 2
# name: <cell-element>
# type: matrix
# rows: 1
# columns: 2
 0.005 0.003925

# name: <cell-element>
# type: scalar
0.8015971732674207

# name: <cell-element>
# type: cell
# rows: 1
# columns: 2
# name: <cell-element>
# type: matrix
# rows: 1
# columns: 2
 0.003925 0.8015971732674207

# name: <cell-element>
# type: scalar
-0.7732439413804819

# name: <cell-element>
# type: cell
# rows: 1
# columns: 2
# name: <cell-element>
# type: matrix
# rows: 1
# columns: 2
 0.8015971732674207 -0.7732439413804819

# name: <cell-element>
# type: scalar
0.8075969996109261

# name: <cell-element>
# type: cell
# rows: 1
# columns: 2
# name: <cell-element>
# type: matrix
# rows: 1
# columns: 2
 -0.7732439413804819 0.8075969996109261

# name: <cell-element>
# type: scalar
0.7781347463875804

# name: <cell-element>
# type: cell
# rows: 1
# columns: 2
# name: <cell-element>
# type: matrix
# rows: 1
# columns: 2
 0.8075969996109261 0.7781347463875804

# name: <cell-element>
# type: scalar
0.8542031526422144

# name: <cell-element>
# type: cell
# rows: 1
# columns: 2
# name: <cell-element>
# type: matrix
# rows: 1
# columns: 2
 0.7781347463875804 0.8542031526422144

# name: <cell-element>
# type: scalar
0.6088960072584573

# name: <cell-element>
# type: cell
# rows: 1
# columns: 2
# name: <cell-element>
# type: matrix
# rows: 1
# columns: 2
 0.8542031526422144 0.6088960072584573

# name: <cell-element>
# type: scalar
0.8711010145525971

# name: <cell-element>
# type: cell
# rows: 1
# columns: 2
# name: <cell-element>
# type: matrix
# rows: 1
# columns: 2
 0.6088960072584573 0.8711010145525971

# name: <cell-element>
# type: scalar
-0.04636060665405125

# name: <cell-element>
# type: cell
# rows: 1
# columns: 2
