# Created by Octave 3.2.4, Mon Jun 10 10:28:36 2013 ART <marganar@lab99>
# name: selMixCriteriaComp
# type: cell
# rows: 2
# columns: 1
# name: <cell-element>
# type: struct
# length: 21
# name: h
# type: cell
# rows: 1
# columns: 1
# name: <cell-element>
# type: scalar
2

# name: n
# type: cell
# rows: 1
# columns: 1
# name: <cell-element>
# type: scalar
2

# name: m
# type: cell
# rows: 1
# columns: 1
# name: <cell-element>
# type: scalar
9

# name: size
# type: cell
# rows: 1
# columns: 1
# name: <cell-element>
# type: scalar
127

# name: weights
# type: cell
# rows: 1
# columns: 1
# name: <cell-element>
# type: cell
# rows: 3
# columns: 1
# name: <cell-element>
# type: matrix
# rows: 3
# columns: 9
 -8.102153248951895 1.629729647048963 4.270069349938938 2.050237383279466 -10.29188772435382 2.889128318650625 -14.45077693201952 6.454939083724494 -4.151277812287561
 -6.408333738739556 -8.27304348944832 -0.3742044184977553 -5.998951214514996 12.27211780986729 -13.81564943387274 -11.31582178948102 9.346319504352474 -3.62307780958979
 -1.291103752087211 -9.536904206937461 12.51532580459504 -3.040908188099229 -6.460250366970774 13.73159249203865 11.26743725163476 -11.73847463113142 -8.368093703359735
# name: <cell-element>
# type: matrix
# rows: 10
# columns: 9
 3.629625043125841 3.068824432380227 5.663506549670198 2.762377335445205 3.492432729459846 0.2716891242087158 1.690222464409 2.2181726013684 -2.148769965421799
 0.6975752847134953 7.170151276666179 4.788705110022635 0.5360166223047556 0.9507358040556735 4.180570948254018 0.5401554342777288 0.8044081477112431 -4.353166429120884
 -2.893225026909732 1.0903533303793 -2.593219060581464 1.139056976633471 0.2025897218287228 0.9006962099151078 0.6048302729663438 -1.632713338157106 -2.706844810362181
 -2.762770602595501 3.313847797754576 -4.245692290664499 5.13040656015519 -1.380115398293553 -1.771279504136563 -0.07139286828872737 -1.593419253657411 -3.553030263625662
 -0.03805180311470632 0.6281273735694287 2.010115125334022 -5.169651508870384 -3.248347178481009 5.333153498540256 -4.538434144087699 -0.5033618003799799 2.001664477256554
 -5.769185094018269 2.1763269645168 1.646948300052008 3.717667789098193 3.751456021284174 0.9244921386873082 0.1372832526922167 3.992334244450022 2.489142077356712
 -3.662198254999909 -0.4507682273615028 4.794032917290494 3.411627224497396 6.563915653379222 -2.652598935182983 4.624345216839617 0.806653904001611 1.541448069636823
 3.336753968891583 -0.4742857040911674 1.147456674352597 -6.89119872139525 1.718392407406228 2.618729608014571 4.174068526192558 -1.149266555932205 -3.745799875112755
 -1.192415931001357 2.530258051585202 1.838172835892682 -5.505019930709278 2.481600482318681 -2.350794791285603 4.194786082635572 -2.322692410318425 -2.77535687480972
 6.068494724891664 -3.87768743999662 0.7286096748371372 0.9518698031955973 1.679356079254889 -3.254103944521724 -1.018735536259661 4.825347237166354 1.733945282666415
# name: <cell-element>
# type: matrix
# rows: 10
# columns: 1
 -1.409911837192039
 1.201006253842678
 -0.6826324758610831
 -1.728547144451661
 1.158495573603779
 -0.07822535225424045
 -0.6729104957139198
 -1.397183238377986
 -0.5755372796287416
 0.2920853791558498


# name: lastDWs
# type: cell
# rows: 1
# columns: 1
# name: <cell-element>
# type: cell
# rows: 3
# columns: 1
# name: <cell-element>
# type: matrix
# rows: 3
# columns: 9
 0 0 0 0 0 0 0 0 0
 0 0 0 0 0 0 0 0 0
 0 0 0 0 0 0 0 0 0
# name: <cell-element>
# type: matrix
# rows: 10
# columns: 9
 0 0 0 0 0 0 0 0 0
 0 0 0 0 0 0 0 0 0
 0 0 0 0 0 0 0 0 0
 0 0 0 0 0 0 0 0 0
 0 0 0 0 0 0 0 0 0
 0 0 0 0 0 0 0 0 0
 0 0 0 0 0 0 0 0 0
 0 0 0 0 0 0 0 0 0
 0 0 0 0 0 0 0 0 0
 0 0 0 0 0 0 0 0 0
# name: <cell-element>
# type: matrix
# rows: 10
# columns: 1
 0
 0
 0
 0
 0
 0
 0
 0
 0
 0


# name: out
# type: cell
# rows: 1
# columns: 1
# name: <cell-element>
# type: scalar
1

# name: neurons
# type: cell
# rows: 1
# columns: 1
# name: <cell-element>
# type: cell
# rows: 3
# columns: 1
# name: <cell-element>
# type: struct
# length: 2
# name: deltas
# type: cell
# rows: 1
# columns: 1
# name: <cell-element>
# type: matrix
# rows: 1
# columns: 9
 0 0 0 0 0 0 0 0 0

# name: values
# type: cell
# rows: 1
# columns: 1
# name: <cell-element>
# type: matrix
# rows: 1
# columns: 9
 0 0 0 0 0 0 0 0 0

# name: <cell-element>
# type: struct
# length: 2
# name: deltas
# type: cell
# rows: 1
# columns: 1
# name: <cell-element>
# type: matrix
# rows: 1
# columns: 9
 0 0 0 0 0 0 0 0 0

# name: values
# type: cell
# rows: 1
# columns: 1
# name: <cell-element>
# type: matrix
# rows: 1
# columns: 9
 0 0 0 0 0 0 0 0 0

# name: <cell-element>
# type: struct
# length: 2
# name: deltas
# type: cell
# rows: 1
# columns: 1
# name: <cell-element>
# type: scalar
0

# name: values
# type: cell
# rows: 1
# columns: 1
# name: <cell-element>
# type: scalar
0



# name: count
# type: cell
# rows: 1
# columns: 1
# name: <cell-element>
# type: scalar
0

# name: prevErr
# type: cell
# rows: 1
# columns: 1
# name: <cell-element>
# type: scalar
9999999999

# name: lrnRate
# type: cell
# rows: 1
# columns: 1
# name: <cell-element>
# type: scalar
0.8

# name: lrnStrategy
# type: cell
# rows: 1
# columns: 1
# name: <cell-element>
# type: scalar
3

# name: lrn_A
# type: cell
# rows: 1
# columns: 1
# name: <cell-element>
# type: scalar
0.01

# name: lrn_B
# type: cell
# rows: 1
# columns: 1
# name: <cell-element>
# type: scalar
0.7

# name: lrn_K
# type: cell
# rows: 1
# columns: 1
# name: <cell-element>
# type: scalar
4

# name: alpha
# type: cell
# rows: 1
# columns: 1
# name: <cell-element>
# type: scalar
0.5

# name: momentum
# type: cell
# rows: 1
# columns: 1
# name: <cell-element>
# type: scalar
0

# name: amp
# type: cell
# rows: 1
# columns: 1
# name: <cell-element>
# type: scalar
4

# name: min
# type: cell
# rows: 1
# columns: 1
# name: <cell-element>
# type: scalar
-3.799963607729421

# name: max
# type: cell
# rows: 1
# columns: 1
# name: <cell-element>
# type: scalar
3.79999261289041

# name: trainSet
# type: cell
# rows: 1
# columns: 1
# name: <cell-element>
# type: cell
# rows: 100
# columns: 2
# name: <cell-element>
# type: cell
# rows: 1
# columns: 2
# name: <cell-element>
# type: matrix
# rows: 1
# columns: 2
 0.005 0.003925

# name: <cell-element>
# type: scalar
0.8015971732674207

# name: <cell-element>
# type: cell
# rows: 1
# columns: 2
# name: <cell-element>
# type: matrix
# rows: 1
# columns: 2
 0.003925 0.8015971732674207

# name: <cell-element>
# type: scalar
-0.7732439413804819

# name: <cell-element>
# type: cell
# rows: 1
# columns: 2
# name: <cell-element>
# type: matrix
# rows: 1
# columns: 2
 0.8015971732674207 -0.7732439413804819

# name: <cell-element>
# type: scalar
0.8075969996109261

# name: <cell-element>
# type: cell
# rows: 1
# columns: 2
# name: <cell-element>
# type: matrix
# rows: 1
# columns: 2
 -0.7732439413804819 0.8075969996109261

# name: <cell-element>
# type: scalar
0.7781347463875804

# name: <cell-element>
# type: cell
# rows: 1
# columns: 2
# name: <cell-element>
# type: matrix
# rows: 1
# columns: 2
 0.8075969996109261 0.7781347463875804

# name: <cell-element>
# type: scalar
0.8542031526422144

# name: <cell-element>
# type: cell
# rows: 1
# columns: 2
# name: <cell-element>
# type: matrix
# rows: 1
# columns: 2
 0.7781347463875804 0.8542031526422144

# name: <cell-element>
# type: scalar
0.6088960072584573

# name: <cell-element>
# type: cell
# rows: 1
# columns: 2
# name: <cell-element>
# type: matrix
# rows: 1
# columns: 2
 0.8542031526422144 0.6088960072584573

# name: <cell-element>
# type: scalar
0.8711010145525971

# name: <cell-element>
# type: cell
# rows: 1
# columns: 2
# name: <cell-element>
# type: matrix
# rows: 1
# columns: 2
 0.6088960072584573 0.8711010145525971

# name: <cell-element>
# type: scalar
-0.04636060665405125

# name: <cell-element>
# type: cell
# rows: 1
# columns: 2
# name: <cell-element>
# type: matrix
# rows: 1
# columns: 2
 0.8711010145525971 -0.04636060665405125

