# Created by Octave 3.2.4, Sun Jun 09 17:40:50 2013 ART <kkenny@lab104>
# name: selMixNComp
# type: cell
# rows: 2
# columns: 1
# name: <cell-element>
# type: struct
# length: 21
# name: h
# type: cell
# rows: 1
# columns: 1
# name: <cell-element>
# type: scalar
2

# name: n
# type: cell
# rows: 1
# columns: 1
# name: <cell-element>
# type: scalar
2

# name: m
# type: cell
# rows: 1
# columns: 1
# name: <cell-element>
# type: scalar
9

# name: size
# type: cell
# rows: 1
# columns: 1
# name: <cell-element>
# type: scalar
127

# name: weights
# type: cell
# rows: 1
# columns: 1
# name: <cell-element>
# type: cell
# rows: 3
# columns: 1
# name: <cell-element>
# type: matrix
# rows: 3
# columns: 9
 10.33456670990948 5.214883251595265 5.653367807438276 -10.95449710545431 29.24315578819018 -9.903980982501952 2.612505898662306 -5.929866115000684 -4.246458195185938
 7.764751757038893 -19.41033488197911 -5.825054581176684 -1.724154184292715 -15.01958232997026 -4.954250450090256 -8.537593917444605 12.89649932955631 -8.054352362615926
 -7.323454099030637 13.66934574656289 5.513924846810269 -5.782888349234962 20.69289282340702 -4.981115120854391 9.293345958064329 -0.5699361255026725 7.969776577296203
# name: <cell-element>
# type: matrix
# rows: 10
# columns: 9
 4.28190620472447 6.022094454115073 -0.8818551027864319 1.202373940489276 -1.566081611728962 -1.306520189285702 -1.705258540369671 0.3864374692599119 -0.1707448571505327
 -0.3734568603697572 6.385813040482154 -0.17912537141 -7.592657131761635 -1.23714440367665 3.16383145165213 1.703376924219282 -1.1789753127622 -1.367701965120185
 -6.255366486085327 0.4714730505102224 -0.9982262975436251 -3.588652293596477 2.010656708936088 -1.893767258983002 0.9859512334754832 4.433048766270766 -1.100086758998228
 5.345804460864374 4.796531823311772 -1.062555776740347 -1.01754356900562 -1.150921109401558 6.344938116141661 -1.024062871856664 -5.156623344153438 -1.627934183961677
 1.755673065818302 5.846197518927449 -3.272387228617864 0.6564859484451125 -0.9023383489752335 8.641849068122291 -1.058871898722439 0.182023362249469 -0.5262587141137151
 -1.753481963508639 -2.212651747204334 -1.0865609759404 4.109850502583694 -0.6594277694520864 3.741848196428293 3.28640985043876 3.452529150571376 0.5452352612970303
 -1.392878013365787 2.687150958976937 -0.9867575659499115 2.615319961645654 -1.505336984294341 -0.7899605102424503 2.977688962535435 -1.177739632479358 -2.872070203133088
 -2.737083559738337 -0.489603493512788 -3.357204282449687 0.5814517100503793 -2.139761990607699 -1.429415154551329 -2.04245977059226 0.6819185125588689 -3.04985418995831
 -4.250588653306669 -3.040592627166022 -4.621557956603291 -2.119792195456978 0.1980522860049531 3.76202198039572 2.507599480416052 2.069028468536492 -1.918980278715493
 3.388929135317138 -1.402083313535399 2.059938576265198 4.372468849132936 -1.101139230625923 4.113807739495781 4.649926857986858 -2.561825798366645 2.743052168081934
# name: <cell-element>
# type: matrix
# rows: 10
# columns: 1
 -1.836390387522945
 0.8051446885373131
 1.078847988006808
 1.045061234527073
 -0.9088582949825501
 0.134463405018195
 0.7411940525444924
 -0.03911023669299324
 -0.5901035616893169
 0.7009173620467839


# name: lastDWs
# type: cell
# rows: 1
# columns: 1
# name: <cell-element>
# type: cell
# rows: 3
# columns: 1
# name: <cell-element>
# type: matrix
# rows: 3
# columns: 9
 0 0 0 0 0 0 0 0 0
 0 0 0 0 0 0 0 0 0
 0 0 0 0 0 0 0 0 0
# name: <cell-element>
# type: matrix
# rows: 10
# columns: 9
 0 0 0 0 0 0 0 0 0
 0 0 0 0 0 0 0 0 0
 0 0 0 0 0 0 0 0 0
 0 0 0 0 0 0 0 0 0
 0 0 0 0 0 0 0 0 0
 0 0 0 0 0 0 0 0 0
 0 0 0 0 0 0 0 0 0
 0 0 0 0 0 0 0 0 0
 0 0 0 0 0 0 0 0 0
 0 0 0 0 0 0 0 0 0
# name: <cell-element>
# type: matrix
# rows: 10
# columns: 1
 0
 0
 0
 0
 0
 0
 0
 0
 0
 0


# name: out
# type: cell
# rows: 1
# columns: 1
# name: <cell-element>
# type: scalar
1

# name: neurons
# type: cell
# rows: 1
# columns: 1
# name: <cell-element>
# type: cell
# rows: 3
# columns: 1
# name: <cell-element>
# type: struct
# length: 2
# name: deltas
# type: cell
# rows: 1
# columns: 1
# name: <cell-element>
# type: matrix
# rows: 1
# columns: 9
 0 0 0 0 0 0 0 0 0

# name: values
# type: cell
# rows: 1
# columns: 1
# name: <cell-element>
# type: matrix
# rows: 1
# columns: 9
 0 0 0 0 0 0 0 0 0

# name: <cell-element>
# type: struct
# length: 2
# name: deltas
# type: cell
# rows: 1
# columns: 1
# name: <cell-element>
# type: matrix
# rows: 1
# columns: 9
 0 0 0 0 0 0 0 0 0

# name: values
# type: cell
# rows: 1
# columns: 1
# name: <cell-element>
# type: matrix
# rows: 1
# columns: 9
 0 0 0 0 0 0 0 0 0

# name: <cell-element>
# type: struct
# length: 2
# name: deltas
# type: cell
# rows: 1
# columns: 1
# name: <cell-element>
# type: scalar
0

# name: values
# type: cell
# rows: 1
# columns: 1
# name: <cell-element>
# type: scalar
0



# name: count
# type: cell
# rows: 1
# columns: 1
# name: <cell-element>
# type: scalar
0

# name: prevErr
# type: cell
# rows: 1
# columns: 1
# name: <cell-element>
# type: scalar
9999999999

# name: lrnRate
# type: cell
# rows: 1
# columns: 1
# name: <cell-element>
# type: scalar
0.8

# name: lrnStrategy
# type: cell
# rows: 1
# columns: 1
# name: <cell-element>
# type: scalar
3

# name: lrn_A
# type: cell
# rows: 1
# columns: 1
# name: <cell-element>
# type: scalar
0.01

# name: lrn_B
# type: cell
# rows: 1
# columns: 1
# name: <cell-element>
# type: scalar
0.7

# name: lrn_K
# type: cell
# rows: 1
# columns: 1
# name: <cell-element>
# type: scalar
4

# name: alpha
# type: cell
# rows: 1
# columns: 1
# name: <cell-element>
# type: scalar
0.5

# name: momentum
# type: cell
# rows: 1
# columns: 1
# name: <cell-element>
# type: scalar
0

# name: amp
# type: cell
# rows: 1
# columns: 1
# name: <cell-element>
# type: scalar
4

# name: min
# type: cell
# rows: 1
# columns: 1
# name: <cell-element>
# type: scalar
-3.799963607729421

# name: max
# type: cell
# rows: 1
# columns: 1
# name: <cell-element>
# type: scalar
3.79999261289041

# name: trainSet
# type: cell
# rows: 1
# columns: 1
# name: <cell-element>
# type: cell
# rows: 100
# columns: 2
# name: <cell-element>
# type: cell
# rows: 1
# columns: 2
# name: <cell-element>
# type: matrix
# rows: 1
# columns: 2
 0.005 0.003925

# name: <cell-element>
# type: scalar
0.8015971732674207

# name: <cell-element>
# type: cell
# rows: 1
# columns: 2
# name: <cell-element>
# type: matrix
# rows: 1
# columns: 2
 0.003925 0.8015971732674207

# name: <cell-element>
# type: scalar
-0.7732439413804819

# name: <cell-element>
# type: cell
# rows: 1
# columns: 2
# name: <cell-element>
# type: matrix
# rows: 1
# columns: 2
 0.8015971732674207 -0.7732439413804819

# name: <cell-element>
# type: scalar
0.8075969996109261

# name: <cell-element>
# type: cell
# rows: 1
# columns: 2
# name: <cell-element>
# type: matrix
# rows: 1
# columns: 2
 -0.7732439413804819 0.8075969996109261

# name: <cell-element>
# type: scalar
0.7781347463875804

# name: <cell-element>
# type: cell
# rows: 1
# columns: 2
# name: <cell-element>
# type: matrix
# rows: 1
# columns: 2
 0.8075969996109261 0.7781347463875804

# name: <cell-element>
# type: scalar
0.8542031526422144

# name: <cell-element>
# type: cell
# rows: 1
# columns: 2
# name: <cell-element>
# type: matrix
# rows: 1
# columns: 2
 0.7781347463875804 0.8542031526422144

# name: <cell-element>
# type: scalar
0.6088960072584573

# name: <cell-element>
# type: cell
# rows: 1
# columns: 2
# name: <cell-element>
# type: matrix
# rows: 1
# columns: 2
 0.8542031526422144 0.6088960072584573

# name: <cell-element>
# type: scalar
0.8711010145525971

# name: <cell-element>
# type: cell
# rows: 1
# columns: 2
# name: <cell-element>
# type: matrix
# rows: 1
# columns: 2
 0.6088960072584573 0.8711010145525971

# name: <cell-element>
# type: scalar
-0.04636060665405125

# name: <cell-element>
# type: cell
# rows: 1
# columns: 2
# name: <cell-element>
# type: matrix
# rows: 1
# columns: 2
 0.8711010145525971 -0.04636060665405125

