# Created by Octave 3.2.4, Mon Jun 10 10:34:30 2013 ART <marganar@lab99>
# name: selMixCriteriaComp
# type: cell
# rows: 2
# columns: 1
# name: <cell-element>
# type: struct
# length: 21
# name: h
# type: cell
# rows: 1
# columns: 1
# name: <cell-element>
# type: scalar
2

# name: n
# type: cell
# rows: 1
# columns: 1
# name: <cell-element>
# type: scalar
2

# name: m
# type: cell
# rows: 1
# columns: 1
# name: <cell-element>
# type: scalar
9

# name: size
# type: cell
# rows: 1
# columns: 1
# name: <cell-element>
# type: scalar
127

# name: weights
# type: cell
# rows: 1
# columns: 1
# name: <cell-element>
# type: cell
# rows: 3
# columns: 1
# name: <cell-element>
# type: matrix
# rows: 3
# columns: 9
 -3.026657812430733 6.161610031584266 4.10617548398788 -5.091665739360285 -2.584522944716606 -7.642888712999843 -6.506300136100346 1.504907933146654 7.008154142398217
 -0.2001889898268211 2.576671695150196 -2.457911318225922 -13.34203004387573 9.696620352698373 8.662998281852161 1.437230321057527 -7.993354144931037 12.29386592094361
 -3.333491073175621 -8.237662354208158 1.111824960412341 -1.23202260663394 -11.82268668799695 -6.820311468381622 -5.970511251855649 6.32540540548988 -11.79211628019781
# name: <cell-element>
# type: matrix
# rows: 10
# columns: 9
 1.775290245527443 2.835633317220192 -0.1437003077399048 -1.583839926059468 0.7449090312770439 -4.603149212933413 1.901550383888755 2.594489979016267 4.034966872189295
 2.597465963044846 0.6665840245214146 -3.719166234369128 1.005370377545609 3.855352940115889 0.2098193204804899 3.329815953667686 6.474080413297964 -1.279953615330885
 -3.447583204469472 4.043557140509189 -0.2376409989174445 -2.484447083305402 1.998591370871575 -2.859822313824859 5.1740971480836 -1.330312793358873 -2.014240754150001
 -1.17448042884213 -9.717480411893403 -1.588017996415356 3.631438510775947 -0.5167462996423344 2.070560851551667 -4.80972742485243 1.682728949226561 -4.063011543066132
 -0.2071202884209687 0.6725868530645652 -3.103350098323638 -1.489509065759545 1.617827776013489 1.756342576002496 -1.835301507987688 -2.206369291882776 -1.210684659299639
 0.7974878769360096 -0.1402033842167301 -0.410957570017321 2.508587063495165 0.4675746043429044 -5.370782989341202 -2.328431676274714 3.551478476530364 0.7479344938864895
 4.922455974528098 3.981428101925145 -2.157466204646556 -3.799503227538458 -2.846402570540868 -0.4921908252282448 0.6192322946665467 -3.161470060874388 -4.052390498526417
 -3.923563199866414 -3.867299767207337 4.348173254808828 -3.544951732011286 0.04713311070223724 -0.7657943741535169 0.4116431692298237 1.034337352529813 -0.6619544044245673
 2.534433509602967 2.932176302849222 -4.308242091806713 -3.742994625963759 -1.934511258812234 -3.370457207373832 0.8157027241692832 -1.387334251310522 0.3272441155348165
 3.397557284138871 -1.408436340159506 -4.562249098149001 -5.141970360493622 -2.046522294276335 3.064766564441831 -1.714822511983966 -3.601254529070733 3.001976502801656
# name: <cell-element>
# type: matrix
# rows: 10
# columns: 1
 -0.1502652872697188
 -1.723888278932293
 0.7252278127947444
 1.091392001046035
 0.1061063481518323
 0.6188443405465391
 -0.9282568153669746
 0.1159923954730989
 0.7208050736023756
 0.2259368067264788


# name: lastDWs
# type: cell
# rows: 1
# columns: 1
# name: <cell-element>
# type: cell
# rows: 3
# columns: 1
# name: <cell-element>
# type: matrix
# rows: 3
# columns: 9
 0 0 0 0 0 0 0 0 0
 0 0 0 0 0 0 0 0 0
 0 0 0 0 0 0 0 0 0
# name: <cell-element>
# type: matrix
# rows: 10
# columns: 9
 0 0 0 0 0 0 0 0 0
 0 0 0 0 0 0 0 0 0
 0 0 0 0 0 0 0 0 0
 0 0 0 0 0 0 0 0 0
 0 0 0 0 0 0 0 0 0
 0 0 0 0 0 0 0 0 0
 0 0 0 0 0 0 0 0 0
 0 0 0 0 0 0 0 0 0
 0 0 0 0 0 0 0 0 0
 0 0 0 0 0 0 0 0 0
# name: <cell-element>
# type: matrix
# rows: 10
# columns: 1
 0
 0
 0
 0
 0
 0
 0
 0
 0
 0


# name: out
# type: cell
# rows: 1
# columns: 1
# name: <cell-element>
# type: scalar
1

# name: neurons
# type: cell
# rows: 1
# columns: 1
# name: <cell-element>
# type: cell
# rows: 3
# columns: 1
# name: <cell-element>
# type: struct
# length: 2
# name: deltas
# type: cell
# rows: 1
# columns: 1
# name: <cell-element>
# type: matrix
# rows: 1
# columns: 9
 0 0 0 0 0 0 0 0 0

# name: values
# type: cell
# rows: 1
# columns: 1
# name: <cell-element>
# type: matrix
# rows: 1
# columns: 9
 0 0 0 0 0 0 0 0 0

# name: <cell-element>
# type: struct
# length: 2
# name: deltas
# type: cell
# rows: 1
# columns: 1
# name: <cell-element>
# type: matrix
# rows: 1
# columns: 9
 0 0 0 0 0 0 0 0 0

# name: values
# type: cell
# rows: 1
# columns: 1
# name: <cell-element>
# type: matrix
# rows: 1
# columns: 9
 0 0 0 0 0 0 0 0 0

# name: <cell-element>
# type: struct
# length: 2
# name: deltas
# type: cell
# rows: 1
# columns: 1
# name: <cell-element>
# type: scalar
0

# name: values
# type: cell
# rows: 1
# columns: 1
# name: <cell-element>
# type: scalar
0



# name: count
# type: cell
# rows: 1
# columns: 1
# name: <cell-element>
# type: scalar
0

# name: prevErr
# type: cell
# rows: 1
# columns: 1
# name: <cell-element>
# type: scalar
9999999999

# name: lrnRate
# type: cell
# rows: 1
# columns: 1
# name: <cell-element>
# type: scalar
0.8

# name: lrnStrategy
# type: cell
# rows: 1
# columns: 1
# name: <cell-element>
# type: scalar
3

# name: lrn_A
# type: cell
# rows: 1
# columns: 1
# name: <cell-element>
# type: scalar
0.01

# name: lrn_B
# type: cell
# rows: 1
# columns: 1
# name: <cell-element>
# type: scalar
0.7

# name: lrn_K
# type: cell
# rows: 1
# columns: 1
# name: <cell-element>
# type: scalar
4

# name: alpha
# type: cell
# rows: 1
# columns: 1
# name: <cell-element>
# type: scalar
0.5

# name: momentum
# type: cell
# rows: 1
# columns: 1
# name: <cell-element>
# type: scalar
0

# name: amp
# type: cell
# rows: 1
# columns: 1
# name: <cell-element>
# type: scalar
4

# name: min
# type: cell
# rows: 1
# columns: 1
# name: <cell-element>
# type: scalar
-3.799963607729421

# name: max
# type: cell
# rows: 1
# columns: 1
# name: <cell-element>
# type: scalar
3.79999261289041

# name: trainSet
# type: cell
# rows: 1
# columns: 1
# name: <cell-element>
# type: cell
# rows: 100
# columns: 2
# name: <cell-element>
# type: cell
# rows: 1
# columns: 2
# name: <cell-element>
# type: matrix
# rows: 1
# columns: 2
 0.005 0.003925

# name: <cell-element>
# type: scalar
0.8015971732674207

# name: <cell-element>
# type: cell
# rows: 1
# columns: 2
# name: <cell-element>
# type: matrix
# rows: 1
# columns: 2
 0.003925 0.8015971732674207

# name: <cell-element>
# type: scalar
-0.7732439413804819

# name: <cell-element>
# type: cell
# rows: 1
# columns: 2
# name: <cell-element>
# type: matrix
# rows: 1
# columns: 2
 0.8015971732674207 -0.7732439413804819

# name: <cell-element>
# type: scalar
0.8075969996109261

# name: <cell-element>
# type: cell
# rows: 1
# columns: 2
# name: <cell-element>
# type: matrix
# rows: 1
# columns: 2
 -0.7732439413804819 0.8075969996109261

# name: <cell-element>
# type: scalar
0.7781347463875804

# name: <cell-element>
# type: cell
# rows: 1
# columns: 2
# name: <cell-element>
# type: matrix
# rows: 1
# columns: 2
 0.8075969996109261 0.7781347463875804

# name: <cell-element>
# type: scalar
0.8542031526422144

# name: <cell-element>
# type: cell
# rows: 1
# columns: 2
# name: <cell-element>
# type: matrix
# rows: 1
# columns: 2
 0.7781347463875804 0.8542031526422144

# name: <cell-element>
# type: scalar
0.6088960072584573

# name: <cell-element>
# type: cell
# rows: 1
# columns: 2
# name: <cell-element>
# type: matrix
# rows: 1
# columns: 2
 0.8542031526422144 0.6088960072584573

# name: <cell-element>
# type: scalar
0.8711010145525971

# name: <cell-element>
# type: cell
# rows: 1
# columns: 2
# name: <cell-element>
# type: matrix
# rows: 1
# columns: 2
 0.6088960072584573 0.8711010145525971

# name: <cell-element>
# type: scalar
-0.04636060665405125

# name: <cell-element>
# type: cell
# rows: 1
# columns: 2
