# Created by Octave 3.2.4, Mon Jun 10 10:40:48 2013 ART <marganar@lab99>
# name: selMixCriteriaComp
# type: cell
# rows: 2
# columns: 1
# name: <cell-element>
# type: struct
# length: 21
# name: h
# type: cell
# rows: 1
# columns: 1
# name: <cell-element>
# type: scalar
2

# name: n
# type: cell
# rows: 1
# columns: 1
# name: <cell-element>
# type: scalar
2

# name: m
# type: cell
# rows: 1
# columns: 1
# name: <cell-element>
# type: scalar
9

# name: size
# type: cell
# rows: 1
# columns: 1
# name: <cell-element>
# type: scalar
127

# name: weights
# type: cell
# rows: 1
# columns: 1
# name: <cell-element>
# type: cell
# rows: 3
# columns: 1
# name: <cell-element>
# type: matrix
# rows: 3
# columns: 9
 -12.98870213293707 -1.705712751109673 8.96368401538091 -5.603539239449956 10.07469312965356 17.04674455668612 10.24576222321073 8.443228316788352 -7.610807790691191
 -12.56168768171354 8.07907213120726 -10.33521699960609 -11.83144121964585 -4.607075234658198 15.65695499259907 10.66348853008927 -9.034305542287184 -0.6180709628429104
 16.84529200991929 -7.803846394418168 6.775425812514556 12.08348907542155 6.215242841033726 -13.94391704022797 -13.63229690620541 -8.756145652922013 11.54717504918863
# name: <cell-element>
# type: matrix
# rows: 10
# columns: 9
 -1.756647307748593 -4.091437922333913 19.156797669682 1.336501634007749 -3.191101960827595 -5.379636546359954 3.630447650807578 -3.035895518791321 -0.7994120729715088
 -4.79050685065846 2.578549795462891 7.281326677505685 1.324433994495013 -6.533355628417958 3.857901544168213 -1.290723150606146 1.306672022529519 1.016614753139085
 1.229037291615132 -0.8701553246603484 1.024313060233604 2.694472586265596 -2.427146181931036 0.5596400939874171 -0.9298460222823535 0.02446153426826465 4.423419729753908
 4.370095800816537 1.30607427478567 2.23352071614834 2.06781547580451 -3.9602167239863 3.176529828096351 2.96185760254604 2.138924925108701 -1.373238359409463
 3.651569152196138 -4.0161700302889 4.918320171159463 2.443921959844859 0.4071739216939946 -3.804919056852583 -1.816043056308611 -1.676490054401092 2.953035868734699
 -4.057377462931366 2.855535279232648 -1.928058462576984 -2.363821494206189 2.989398947495422 1.272237196147634 -1.433521338200612 -0.812450680904557 -0.8939560142354559
 2.156461416098826 6.136463128333763 3.988119941726259 2.355281426865367 -3.248357079116269 -2.206238662814583 -0.02482521991313527 6.689716708476716 4.926661183037523
 0.9521445857674355 -1.819369532783914 -5.071064978815751 1.157051914928031 2.577003966699765 1.26274565216914 -2.614268338818573 -2.327754888400855 -4.602560040306602
 -3.523953427937932 -0.02718519897734775 -2.325370912107719 -0.4452724509261938 -2.069443088641939 3.900627154974745 -3.668635092601543 -4.908633527986109 3.384043103052587
 1.817043583646133 3.945368293021008 -0.7095609720980524 -0.1937421679378679 3.538541822108825 2.349074797079629 -1.823910466115663 -2.160722340819731 -0.3923269616161871
# name: <cell-element>
# type: matrix
# rows: 10
# columns: 1
 -3.697937107938207
 0.5458058185517417
 -0.1911790168679243
 2.695871113372487
 1.4210708088068
 -1.015991523560122
 0.09574636266043296
 1.166714691690651
 0.1542735705880041
 1.31177832429353


# name: lastDWs
# type: cell
# rows: 1
# columns: 1
# name: <cell-element>
# type: cell
# rows: 3
# columns: 1
# name: <cell-element>
# type: matrix
# rows: 3
# columns: 9
 0 0 0 0 0 0 0 0 0
 0 0 0 0 0 0 0 0 0
 0 0 0 0 0 0 0 0 0
# name: <cell-element>
# type: matrix
# rows: 10
# columns: 9
 0 0 0 0 0 0 0 0 0
 0 0 0 0 0 0 0 0 0
 0 0 0 0 0 0 0 0 0
 0 0 0 0 0 0 0 0 0
 0 0 0 0 0 0 0 0 0
 0 0 0 0 0 0 0 0 0
 0 0 0 0 0 0 0 0 0
 0 0 0 0 0 0 0 0 0
 0 0 0 0 0 0 0 0 0
 0 0 0 0 0 0 0 0 0
# name: <cell-element>
# type: matrix
# rows: 10
# columns: 1
 0
 0
 0
 0
 0
 0
 0
 0
 0
 0


# name: out
# type: cell
# rows: 1
# columns: 1
# name: <cell-element>
# type: scalar
1

# name: neurons
# type: cell
# rows: 1
# columns: 1
# name: <cell-element>
# type: cell
# rows: 3
# columns: 1
# name: <cell-element>
# type: struct
# length: 2
# name: deltas
# type: cell
# rows: 1
# columns: 1
# name: <cell-element>
# type: matrix
# rows: 1
# columns: 9
 0 0 0 0 0 0 0 0 0

# name: values
# type: cell
# rows: 1
# columns: 1
# name: <cell-element>
# type: matrix
# rows: 1
# columns: 9
 0 0 0 0 0 0 0 0 0

# name: <cell-element>
# type: struct
# length: 2
# name: deltas
# type: cell
# rows: 1
# columns: 1
# name: <cell-element>
# type: matrix
# rows: 1
# columns: 9
 0 0 0 0 0 0 0 0 0

# name: values
# type: cell
# rows: 1
# columns: 1
# name: <cell-element>
# type: matrix
# rows: 1
# columns: 9
 0 0 0 0 0 0 0 0 0

# name: <cell-element>
# type: struct
# length: 2
# name: deltas
# type: cell
# rows: 1
# columns: 1
# name: <cell-element>
# type: scalar
0

# name: values
# type: cell
# rows: 1
# columns: 1
# name: <cell-element>
# type: scalar
0



# name: count
# type: cell
# rows: 1
# columns: 1
# name: <cell-element>
# type: scalar
0

# name: prevErr
# type: cell
# rows: 1
# columns: 1
# name: <cell-element>
# type: scalar
9999999999

# name: lrnRate
# type: cell
# rows: 1
# columns: 1
# name: <cell-element>
# type: scalar
0.8

# name: lrnStrategy
# type: cell
# rows: 1
# columns: 1
# name: <cell-element>
# type: scalar
3

# name: lrn_A
# type: cell
# rows: 1
# columns: 1
# name: <cell-element>
# type: scalar
0.01

# name: lrn_B
# type: cell
# rows: 1
# columns: 1
# name: <cell-element>
# type: scalar
0.7

# name: lrn_K
# type: cell
# rows: 1
# columns: 1
# name: <cell-element>
# type: scalar
4

# name: alpha
# type: cell
# rows: 1
# columns: 1
# name: <cell-element>
# type: scalar
0.5

# name: momentum
# type: cell
# rows: 1
# columns: 1
# name: <cell-element>
# type: scalar
0

# name: amp
# type: cell
# rows: 1
# columns: 1
# name: <cell-element>
# type: scalar
4

# name: min
# type: cell
# rows: 1
# columns: 1
# name: <cell-element>
# type: scalar
-3.799963607729421

# name: max
# type: cell
# rows: 1
# columns: 1
# name: <cell-element>
# type: scalar
3.79999261289041

# name: trainSet
# type: cell
# rows: 1
# columns: 1
# name: <cell-element>
# type: cell
# rows: 100
# columns: 2
# name: <cell-element>
# type: cell
# rows: 1
# columns: 2
# name: <cell-element>
# type: matrix
# rows: 1
# columns: 2
 0.005 0.003925

# name: <cell-element>
# type: scalar
0.8015971732674207

# name: <cell-element>
# type: cell
# rows: 1
# columns: 2
# name: <cell-element>
# type: matrix
# rows: 1
# columns: 2
 0.003925 0.8015971732674207

# name: <cell-element>
# type: scalar
-0.7732439413804819

# name: <cell-element>
# type: cell
# rows: 1
# columns: 2
# name: <cell-element>
# type: matrix
# rows: 1
# columns: 2
 0.8015971732674207 -0.7732439413804819

# name: <cell-element>
# type: scalar
0.8075969996109261

# name: <cell-element>
# type: cell
# rows: 1
# columns: 2
# name: <cell-element>
# type: matrix
# rows: 1
# columns: 2
 -0.7732439413804819 0.8075969996109261

# name: <cell-element>
# type: scalar
0.7781347463875804

# name: <cell-element>
# type: cell
# rows: 1
# columns: 2
# name: <cell-element>
# type: matrix
# rows: 1
# columns: 2
 0.8075969996109261 0.7781347463875804

# name: <cell-element>
# type: scalar
0.8542031526422144

# name: <cell-element>
# type: cell
# rows: 1
# columns: 2
# name: <cell-element>
# type: matrix
# rows: 1
# columns: 2
 0.7781347463875804 0.8542031526422144

# name: <cell-element>
# type: scalar
0.6088960072584573

# name: <cell-element>
# type: cell
# rows: 1
# columns: 2
# name: <cell-element>
# type: matrix
# rows: 1
# columns: 2
 0.8542031526422144 0.6088960072584573

# name: <cell-element>
# type: scalar
0.8711010145525971

# name: <cell-element>
# type: cell
# rows: 1
# columns: 2
# name: <cell-element>
# type: matrix
# rows: 1
# columns: 2
 0.6088960072584573 0.8711010145525971

# name: <cell-element>
# type: scalar
-0.04636060665405125

# name: <cell-element>
# type: cell
# rows: 1
# columns: 2
# name: <cell-element>
# type: matrix
# rows: 1
# columns: 2
 0.8711010145525971 -0.04636060665405125

