# Created by Octave 3.2.4, Mon Jun 10 10:24:11 2013 ART <marganar@lab99>
# name: selMixCriteriaComp
# type: cell
# rows: 2
# columns: 1
# name: <cell-element>
# type: struct
# length: 21
# name: h
# type: cell
# rows: 1
# columns: 1
# name: <cell-element>
# type: scalar
2

# name: n
# type: cell
# rows: 1
# columns: 1
# name: <cell-element>
# type: scalar
2

# name: m
# type: cell
# rows: 1
# columns: 1
# name: <cell-element>
# type: scalar
9

# name: size
# type: cell
# rows: 1
# columns: 1
# name: <cell-element>
# type: scalar
127

# name: weights
# type: cell
# rows: 1
# columns: 1
# name: <cell-element>
# type: cell
# rows: 3
# columns: 1
# name: <cell-element>
# type: matrix
# rows: 3
# columns: 9
 -11.09804066991683 19.59407435321615 10.02630597143824 0.1895149873971787 -11.67352453996338 -7.81415252770769 -1.840034036549567 6.430446259014471 -8.120006199373305
 -21.49612267566344 -8.607701757261644 -8.378363033160943 19.97702758631907 -8.543721752538481 0.3459939815986102 0.1193834327466745 -24.05125176131598 7.458151048621392
 21.35226503546674 15.06961486090396 0.2098844032902662 -19.19402935483136 7.765135254678036 -0.8694982682296455 8.738103986071065 22.2850102771461 -7.079661656877931
# name: <cell-element>
# type: matrix
# rows: 10
# columns: 9
 -0.8773573752849023 4.536639498610768 0.1786169627097928 -0.2329984792613685 -1.94961895781162 -1.200257610943536 -9.119909367266578 0.1227213173769984 -3.020510130069577
 -8.691665740215752 -0.09171149564339409 -1.852777748314738 0.1222190474126191 -2.679648658144011 -4.023795448174542 -0.09907184263762624 -1.384939639812683 -2.979390956533485
 -0.9059036745081593 -1.185676606457707 4.239445442374417 3.411798641585637 -0.6429630513432842 7.610978458192108 3.300383596009928 2.34566246812625 -1.352911634015829
 -4.635887752963951 0.03682625583805405 0.4560382074696245 -1.731101552879944 3.002519161652843 -2.774842405976669 1.26022840233244 3.707126629233707 2.116622126824516
 -7.349088578848042 -1.639125270946215 0.6463534796784361 1.032063678588661 0.01332007760129891 -6.00303716851914 0.551165409040255 4.644469163111443 -0.6578524271153092
 -2.756001076268607 1.174584547083126 -5.429115285110035 0.6007426814379319 0.1012967901774252 5.348835940237026 0.187015313182092 0.785003310657217 -1.434670745134768
 -1.80821058030147 1.22815576855909 1.665155653343767 -1.130811172968536 0.4545891091436204 1.317410205261869 -0.4999221992269434 5.558888853564761 3.068394708927455
 -1.228755540956519 -0.4016302900258482 -0.1872735073412063 -0.9641877583363976 0.8904033861718661 -0.31835334653094 -0.1643360794307756 0.2026281932554991 2.661739990766621
 4.824764038082679 0.1793441604405146 0.6317564676374767 -1.059314841669596 3.566725288365073 2.524229187462125 3.067794847419062 5.227720212738676 1.001370973605174
 -1.592498334638283 3.564887000354159 1.13451863960306 -0.8682511472413238 7.268958225562646 2.421515250527889 -1.841747914865971 1.565441796527429 -2.511389883520673
# name: <cell-element>
# type: matrix
# rows: 10
# columns: 1
 -2.51698618162033
 0.08692093721601253
 -0.296762197276308
 0.9293640654098854
 -0.5354170004905957
 -1.750450885677594
 -1.259750861272899
 -0.369407486626359
 -1.291391465385643
 -0.4817878614764385


# name: lastDWs
# type: cell
# rows: 1
# columns: 1
# name: <cell-element>
# type: cell
# rows: 3
# columns: 1
# name: <cell-element>
# type: matrix
# rows: 3
# columns: 9
 0 0 0 0 0 0 0 0 0
 0 0 0 0 0 0 0 0 0
 0 0 0 0 0 0 0 0 0
# name: <cell-element>
# type: matrix
# rows: 10
# columns: 9
 0 0 0 0 0 0 0 0 0
 0 0 0 0 0 0 0 0 0
 0 0 0 0 0 0 0 0 0
 0 0 0 0 0 0 0 0 0
 0 0 0 0 0 0 0 0 0
 0 0 0 0 0 0 0 0 0
 0 0 0 0 0 0 0 0 0
 0 0 0 0 0 0 0 0 0
 0 0 0 0 0 0 0 0 0
 0 0 0 0 0 0 0 0 0
# name: <cell-element>
# type: matrix
# rows: 10
# columns: 1
 0
 0
 0
 0
 0
 0
 0
 0
 0
 0


# name: out
# type: cell
# rows: 1
# columns: 1
# name: <cell-element>
# type: scalar
1

# name: neurons
# type: cell
# rows: 1
# columns: 1
# name: <cell-element>
# type: cell
# rows: 3
# columns: 1
# name: <cell-element>
# type: struct
# length: 2
# name: deltas
# type: cell
# rows: 1
# columns: 1
# name: <cell-element>
# type: matrix
# rows: 1
# columns: 9
 0 0 0 0 0 0 0 0 0

# name: values
# type: cell
# rows: 1
# columns: 1
# name: <cell-element>
# type: matrix
# rows: 1
# columns: 9
 0 0 0 0 0 0 0 0 0

# name: <cell-element>
# type: struct
# length: 2
# name: deltas
# type: cell
# rows: 1
# columns: 1
# name: <cell-element>
# type: matrix
# rows: 1
# columns: 9
 0 0 0 0 0 0 0 0 0

# name: values
# type: cell
# rows: 1
# columns: 1
# name: <cell-element>
# type: matrix
# rows: 1
# columns: 9
 0 0 0 0 0 0 0 0 0

# name: <cell-element>
# type: struct
# length: 2
# name: deltas
# type: cell
# rows: 1
# columns: 1
# name: <cell-element>
# type: scalar
0

# name: values
# type: cell
# rows: 1
# columns: 1
# name: <cell-element>
# type: scalar
0



# name: count
# type: cell
# rows: 1
# columns: 1
# name: <cell-element>
# type: scalar
0

# name: prevErr
# type: cell
# rows: 1
# columns: 1
# name: <cell-element>
# type: scalar
9999999999

# name: lrnRate
# type: cell
# rows: 1
# columns: 1
# name: <cell-element>
# type: scalar
0.8

# name: lrnStrategy
# type: cell
# rows: 1
# columns: 1
# name: <cell-element>
# type: scalar
3

# name: lrn_A
# type: cell
# rows: 1
# columns: 1
# name: <cell-element>
# type: scalar
0.01

# name: lrn_B
# type: cell
# rows: 1
# columns: 1
# name: <cell-element>
# type: scalar
0.7

# name: lrn_K
# type: cell
# rows: 1
# columns: 1
# name: <cell-element>
# type: scalar
4

# name: alpha
# type: cell
# rows: 1
# columns: 1
# name: <cell-element>
# type: scalar
0.5

# name: momentum
# type: cell
# rows: 1
# columns: 1
# name: <cell-element>
# type: scalar
0

# name: amp
# type: cell
# rows: 1
# columns: 1
# name: <cell-element>
# type: scalar
4

# name: min
# type: cell
# rows: 1
# columns: 1
# name: <cell-element>
# type: scalar
-3.799963607729421

# name: max
# type: cell
# rows: 1
# columns: 1
# name: <cell-element>
# type: scalar
3.79999261289041

# name: trainSet
# type: cell
# rows: 1
# columns: 1
# name: <cell-element>
# type: cell
# rows: 100
# columns: 2
# name: <cell-element>
# type: cell
# rows: 1
# columns: 2
# name: <cell-element>
# type: matrix
# rows: 1
# columns: 2
 0.005 0.003925

# name: <cell-element>
# type: scalar
0.8015971732674207

# name: <cell-element>
# type: cell
# rows: 1
# columns: 2
# name: <cell-element>
# type: matrix
# rows: 1
# columns: 2
 0.003925 0.8015971732674207

# name: <cell-element>
# type: scalar
-0.7732439413804819

# name: <cell-element>
# type: cell
# rows: 1
# columns: 2
# name: <cell-element>
# type: matrix
# rows: 1
# columns: 2
 0.8015971732674207 -0.7732439413804819

# name: <cell-element>
# type: scalar
0.8075969996109261

# name: <cell-element>
# type: cell
# rows: 1
# columns: 2
# name: <cell-element>
# type: matrix
# rows: 1
# columns: 2
 -0.7732439413804819 0.8075969996109261

# name: <cell-element>
# type: scalar
0.7781347463875804

# name: <cell-element>
# type: cell
# rows: 1
# columns: 2
# name: <cell-element>
# type: matrix
# rows: 1
# columns: 2
 0.8075969996109261 0.7781347463875804

# name: <cell-element>
# type: scalar
0.8542031526422144

# name: <cell-element>
# type: cell
# rows: 1
# columns: 2
# name: <cell-element>
# type: matrix
# rows: 1
# columns: 2
 0.7781347463875804 0.8542031526422144

# name: <cell-element>
# type: scalar
0.6088960072584573

# name: <cell-element>
# type: cell
# rows: 1
# columns: 2
# name: <cell-element>
# type: matrix
# rows: 1
# columns: 2
 0.8542031526422144 0.6088960072584573

# name: <cell-element>
# type: scalar
0.8711010145525971

# name: <cell-element>
# type: cell
# rows: 1
# columns: 2
# name: <cell-element>
# type: matrix
# rows: 1
# columns: 2
 0.6088960072584573 0.8711010145525971

# name: <cell-element>
# type: scalar
-0.04636060665405125

# name: <cell-element>
# type: cell
# rows: 1
# columns: 2
