# Created by Octave 3.2.4, Sun Jun 09 17:04:39 2013 ART <root@ubuntu-vm>
# name: a
# type: struct
# length: 21
# name: h
# type: cell
# rows: 1
# columns: 1
# name: <cell-element>
# type: scalar
2

# name: n
# type: cell
# rows: 1
# columns: 1
# name: <cell-element>
# type: scalar
2

# name: m
# type: cell
# rows: 1
# columns: 1
# name: <cell-element>
# type: scalar
9

# name: size
# type: cell
# rows: 1
# columns: 1
# name: <cell-element>
# type: scalar
127

# name: weights
# type: cell
# rows: 1
# columns: 1
# name: <cell-element>
# type: cell
# rows: 3
# columns: 1
# name: <cell-element>
# type: matrix
# rows: 3
# columns: 9
 2.45856256443439 -15.2518790789282 -4.85134530984535 -1.827976795342332 5.228098757547128 6.0639110487643 -2.7699290127841 -7.052898663728323 4.651731198329657
 -2.658075195274889 -13.27208552103263 14.24388136913903 1.466555088074901 8.646941489003089 -4.241220457685816 0.5931209700287984 8.617567371643188 -10.96857023629647
 0.6674126811425711 11.27470636519671 -11.98893635797331 7.342713739548952 -8.061691522417838 2.688914010094554 -9.314233671919071 -5.248422844290397 12.50568325650009
# name: <cell-element>
# type: matrix
# rows: 10
# columns: 9
 2.146095572044391 -3.035793355993251 -3.255359339401393 4.521745440791881 -2.073346596285058 3.052365443259556 -0.5467823965713176 0.1416163853962626 8.372010608719705
 -0.7512076919875778 0.5870559460535852 0.008261988059695786 0.1363002755131401 0.7124103202414137 2.996528622203014 4.389286410238428 0.1265257368721146 -3.604168731071154
 8.336219540063835 3.303915269486392 -2.038359286947198 0.3361646377661468 -2.077380558885885 1.263229540480785 0.05068678099078771 0.3137456692217508 5.596679839815024
 -4.316768974831387 -1.079569530834241 -3.807655939969973 -4.028513616694711 -2.227618937264095 5.895852817736499 -0.2877270851969399 -1.865734595057246 -1.242373871437269
 0.2438440310817406 2.771966630406063 -1.61758685662652 3.294944505695465 2.155991882332771 0.4834934198536781 1.617617665954499 0.2966399035403537 0.3871097307120488
 2.135851085383874 3.587570647116288 1.319058261741967 -1.282005133590604 1.561427213442027 -2.20687879906466 4.831389201658499 0.1934515505732993 1.089971035695385
 0.3377326634655214 -1.550042212601056 -0.9150568548500292 -2.668777016960584 3.234352049487621 -3.463770956076636 -1.514920443356914 1.674759209542724 -5.222459874873263
 0.9840325254103721 -1.171899377281819 -1.916215391408681 2.258148861825529 -4.325812722231325 1.342016613340439 2.145299079786398 0.8349562437026375 -2.239685952795418
 3.013727059572389 -0.8538411254306373 2.449078398969008 -2.140526123502274 -2.802666148358132 -3.856751189853571 2.183495317992831 3.896347841055175 -1.52656664461373
 3.956574265498412 -0.05861221126878364 1.409676977863102 -4.462625678157235 -3.449723098544969 2.593063157507317 4.716788069751066 1.31129667898062 -1.530884416913988
# name: <cell-element>
# type: matrix
# rows: 10
# columns: 1
 -2.234785377290708
 -1.871465025622184
 -1.31784752411976
 0.3333606239432226
 0.7555107614898715
 0.9609760244871907
 0.7482889300387872
 -0.6653013922383366
 -0.4327432988406253
 0.7303025581768821


# name: lastDWs
# type: cell
# rows: 1
# columns: 1
# name: <cell-element>
# type: cell
# rows: 3
# columns: 1
# name: <cell-element>
# type: matrix
# rows: 3
# columns: 9
 0 0 0 0 0 0 0 0 0
 0 0 0 0 0 0 0 0 0
 0 0 0 0 0 0 0 0 0
# name: <cell-element>
# type: matrix
# rows: 10
# columns: 9
 0 0 0 0 0 0 0 0 0
 0 0 0 0 0 0 0 0 0
 0 0 0 0 0 0 0 0 0
 0 0 0 0 0 0 0 0 0
 0 0 0 0 0 0 0 0 0
 0 0 0 0 0 0 0 0 0
 0 0 0 0 0 0 0 0 0
 0 0 0 0 0 0 0 0 0
 0 0 0 0 0 0 0 0 0
 0 0 0 0 0 0 0 0 0
# name: <cell-element>
# type: matrix
# rows: 10
# columns: 1
 0
 0
 0
 0
 0
 0
 0
 0
 0
 0


# name: out
# type: cell
# rows: 1
# columns: 1
# name: <cell-element>
# type: scalar
1

# name: neurons
# type: cell
# rows: 1
# columns: 1
# name: <cell-element>
# type: cell
# rows: 3
# columns: 1
# name: <cell-element>
# type: struct
# length: 2
# name: deltas
# type: cell
# rows: 1
# columns: 1
# name: <cell-element>
# type: matrix
# rows: 1
# columns: 9
 0 0 0 0 0 0 0 0 0

# name: values
# type: cell
# rows: 1
# columns: 1
# name: <cell-element>
# type: matrix
# rows: 1
# columns: 9
 0 0 0 0 0 0 0 0 0

# name: <cell-element>
# type: struct
# length: 2
# name: deltas
# type: cell
# rows: 1
# columns: 1
# name: <cell-element>
# type: matrix
# rows: 1
# columns: 9
 0 0 0 0 0 0 0 0 0

# name: values
# type: cell
# rows: 1
# columns: 1
# name: <cell-element>
# type: matrix
# rows: 1
# columns: 9
 0 0 0 0 0 0 0 0 0

# name: <cell-element>
# type: struct
# length: 2
# name: deltas
# type: cell
# rows: 1
# columns: 1
# name: <cell-element>
# type: scalar
0

# name: values
# type: cell
# rows: 1
# columns: 1
# name: <cell-element>
# type: scalar
0



# name: count
# type: cell
# rows: 1
# columns: 1
# name: <cell-element>
# type: scalar
0

# name: prevErr
# type: cell
# rows: 1
# columns: 1
# name: <cell-element>
# type: scalar
9999999999

# name: lrnRate
# type: cell
# rows: 1
# columns: 1
# name: <cell-element>
# type: scalar
0.8

# name: lrnStrategy
# type: cell
# rows: 1
# columns: 1
# name: <cell-element>
# type: scalar
3

# name: lrn_A
# type: cell
# rows: 1
# columns: 1
# name: <cell-element>
# type: scalar
0.01

# name: lrn_B
# type: cell
# rows: 1
# columns: 1
# name: <cell-element>
# type: scalar
0.7

# name: lrn_K
# type: cell
# rows: 1
# columns: 1
# name: <cell-element>
# type: scalar
4

# name: alpha
# type: cell
# rows: 1
# columns: 1
# name: <cell-element>
# type: scalar
0.5

# name: momentum
# type: cell
# rows: 1
# columns: 1
# name: <cell-element>
# type: scalar
0

# name: amp
# type: cell
# rows: 1
# columns: 1
# name: <cell-element>
# type: scalar
4

# name: min
# type: cell
# rows: 1
# columns: 1
# name: <cell-element>
# type: scalar
-3.799963607729421

# name: max
# type: cell
# rows: 1
# columns: 1
# name: <cell-element>
# type: scalar
3.79999261289041

# name: trainSet
# type: cell
# rows: 1
# columns: 1
# name: <cell-element>
# type: cell
# rows: 100
# columns: 2
# name: <cell-element>
# type: cell
# rows: 1
# columns: 2
# name: <cell-element>
# type: matrix
# rows: 1
# columns: 2
 0.005 0.003925

# name: <cell-element>
# type: scalar
0.8015971732674207

# name: <cell-element>
# type: cell
# rows: 1
# columns: 2
# name: <cell-element>
# type: matrix
# rows: 1
# columns: 2
 0.003925 0.8015971732674207

# name: <cell-element>
# type: scalar
-0.7732439413804819

# name: <cell-element>
# type: cell
# rows: 1
# columns: 2
# name: <cell-element>
# type: matrix
# rows: 1
# columns: 2
 0.8015971732674207 -0.7732439413804819

# name: <cell-element>
# type: scalar
0.8075969996109261

# name: <cell-element>
# type: cell
# rows: 1
# columns: 2
# name: <cell-element>
# type: matrix
# rows: 1
# columns: 2
 -0.7732439413804819 0.8075969996109261

# name: <cell-element>
# type: scalar
0.7781347463875804

# name: <cell-element>
# type: cell
# rows: 1
# columns: 2
# name: <cell-element>
# type: matrix
# rows: 1
# columns: 2
 0.8075969996109261 0.7781347463875804

# name: <cell-element>
# type: scalar
0.8542031526422144

# name: <cell-element>
# type: cell
# rows: 1
# columns: 2
# name: <cell-element>
# type: matrix
# rows: 1
# columns: 2
 0.7781347463875804 0.8542031526422144

# name: <cell-element>
# type: scalar
0.6088960072584573

# name: <cell-element>
# type: cell
# rows: 1
# columns: 2
# name: <cell-element>
# type: matrix
# rows: 1
# columns: 2
 0.8542031526422144 0.6088960072584573

# name: <cell-element>
# type: scalar
0.8711010145525971

# name: <cell-element>
# type: cell
# rows: 1
# columns: 2
# name: <cell-element>
# type: matrix
# rows: 1
# columns: 2
 0.6088960072584573 0.8711010145525971

# name: <cell-element>
# type: scalar
-0.04636060665405125

# name: <cell-element>
# type: cell
# rows: 1
# columns: 2
# name: <cell-element>
# type: matrix
# rows: 1
# columns: 2
 0.8711010145525971 -0.04636060665405125

# name: <cell-element>
# type: scalar
-0.9491404442856916

